   0       0           0
   1       2          96
   2     820    27379544
   3    1866    54226816
   4    3732    81171008
   5       0           0
   6    6600   134268944
   7    8642   161256840
   8       0           0
   9   11560   215069952
  10   13274   242266032
  11       0           0
  12   14703   280024880
  13   15792   307537816
  14   17676   334312456
  15   18983   361522256
  16   20548   388069600
  17   22756   415567896
  18   24442   442273616
  19   25810   469248320
  20   27516   496078584
  21   28131   507632808
  22   29146   534792144
  23   29913   550505496
  24   30827   577031064
  25   31383   589296304
  26       0           0
  27   33356   634374984
  28   34346   661157856
  29   35381   684119496
  30   36370   711144128
  31   37268   730066424
  32   38125   752679544
  33   39005   775709336
  34   40048   802092336
  35   41224   828845920
  36   42375   855142616
  37   43441   882061832
  38   44512   909110072
  39   45653   935485288
  40   46733   962399616
  41   47601   989550320
  42   47802   993882920
  43   48715  1021564872
  44   49778  1048977728
  45   50221  1060281272
  46   51245  1087801736
  47   52454  1114818184
  48   53485  1142155592
  49       0           0
  50   54754  1175627432
  51   55861  1202298472
  52   56789  1229219848
  53   57807  1255936136
  54   58213  1265018480
  55   59140  1293022504
  56   59910  1320728704
  57   60948  1350475600
  58   61486  1362597424
  59   62616  1388735528
  60   63526  1414831496
  61   64359  1436693160
  62   65544  1462277904
  63   66573  1488430128
  64   66978  1497389680
  65   68088  1524406280
  66       0           0
  67   69865  1568001432
  68   71020  1594804728
  69   72362  1621853192
  70   73050  1643558488
  71   74177  1672801232
  72   75308  1696866488
  73   76103  1723794168
  74   76484  1733221128
  75   77436  1760488736
  76   78501  1788859024
  77   79533  1815614088
  78   79988  1827216184
  79   80838  1854309888
  80   81139  1868646336
  81   82278  1898814816
  82   83393  1925421136
  83   83560  1930274088
  84   84454  1957929240
  85   85255  1985309312
  86   86374  2012485320
  87   87423  2039749320
  88   87546  2044166024
  89   88361  2071607536
  90   89265  2098315984
  91   89937  2125784248
  92   91159  2151011728
  93   92055  2177862312
  94   92501  2190645672
  95   93441  2219660504
  96   94241  2247314048
  97   95447  2274430712
  98   96340  2301207712
  99   96481  2305543968
 100   97445  2331647552
 101   98373  2358012432
 102   99435  2384880352
 103   99623  2390100328
 104  100631  2417077232
 105  101545  2444186080
 106  102759  2470196608
 107  103508  2488824696
 108  104487  2515488560
 109  105147  2531771096
 110  106017  2558185040
 111  107125  2585812568
 112  108124  2612498168
 113  108129  2612763288
 114  109130  2639487824
 115  110614  2666561936
 116  111663  2694364488
 117  112447  2714513032
 118  113420  2742016240
 119  114379  2769208904
 120  115977  2796504056
 121  116938  2821813496
 122  117944  2848423336
 123  119164  2875309680
 124  120295  2901600976
 125  120836  2912813472
 126  121889  2939143320
 127  122609  2966463160
 128  123954  2994097960
 129  124888  3016568256
 130  125895  3043281920
 131  126935  3069985200
 132  128170  3096730104
 133  128731  3110548752
 134  129688  3137306696
 135  130834  3163885232
 136  131608  3183685712
 137  132502  3209296216
 138  133673  3235831792
 139  134350  3254838672
 140  135168  3281353640
 141  136237  3307846544
 142  137327  3333669464
 143  138086  3360486760
 144  139279  3387212784
 145  140465  3411992696
 146  141307  3440169520
 147  142454  3466595896
 148  143072  3480975000
 149  143887  3506837560
 150  144975  3534028000
 151  145378  3542819720
 152  146351  3572180168
 153  147450  3599171832
 154  148347  3621012680
 155  149229  3647329712
 156  150305  3673182448
 157  151342  3700021176
 158  151434  3703194544
 159  152291  3730364504
 160  153364  3755745016
 161  154357  3781422744
 162  154402  3783642928
 163  155197  3810559192
 164  156187  3836487208
 165  157345  3863270936
 166  157441  3866444776
 167  158286  3894059048
 168  159667  3920575392
 169  160544  3944336648
 170  161317  3971490776
 171  162514  3997786232
 172  163335  4017381160
 173  164142  4043640032
 174  165371  4070124464
 175  165944  4087573672
 176  166856  4114869320
 177  168046  4141300720
 178  168447  4154287192
 179  169473  4180895248
 180  170729  4208037296
 181  171539  4228696768
 182  172146  4255276320
 183       0           0
 184  174201  4303573912
 185  175297  4333354896
 186  176492  4359676752
 187  176653  4363806968
 188  177624  4391244040
 189  178686  4417827736
 190  180121  4444551640
 191  180157  4447173464
 192  181025  4473417560
 193  182148  4500222528
 194  183081  4520230264
 195  183958  4547966544
 196  184879  4574640784
 197  186022  4597109328
 198  186866  4623619992
 199  187580  4650253056
 200  188946  4678810376
 201  189740  4705191888
 202  190438  4731745720
 203  191690  4758369560
 204  193153  4785175160
 205  194600  4811969200
 206  195788  4838431840
 207  197428  4865278944
 208  198126  4889393824
 209  200206  4917307352
 210  201707  4944018792
 211  203023  4971759168
 212  204796  4998760416
 213  206205  5025391352
 214       0           0
 215  209246  5084044384
 216  209824  5097332592
 217  210653  5123528064
 218  211993  5149940896
 219  212989  5173371664
 220  213748  5204504672
 221  214796  5230999136
 222  216083  5257105848
 223  216395  5268441440
 224  217148  5294865704
 225  218267  5326191368
 226  219545  5352418432
 227  219784  5358648208
 228  220609  5384459208
 229  221495  5410159424
 230  223012  5436536480
 231  223313  5443568296
 232  224183  5470264216
 233  225291  5496465472
 234  226395  5521365056
 235  227194  5547658280
 236  228443  5573324024
 237  229118  5590869272
 238  230065  5617757376
 239  231284  5644701736
 240  232154  5671382712
 241  232196  5672919600
 242  233091  5699505032
 243  234255  5725832936
 244  234492  5735315496
 245  235316  5761952240
 246  236709  5788163352
 247  237047  5795427872
 248  237900  5821991352
 249  239322  5848819856
 250  240560  5874895048
 251  241437  5901245688
 252  242617  5927588072
 253  244017  5954186784
 254  244150  5957645808
 255  245214  5984219232
 256  246504  6010628352
 257  247751  6036612200
 258  247780  6037692312
 259  248966  6064098904
 260  250269  6090628032
 261  251319  6112106904
 262  252198  6137864552
 263  253234  6164055488
 264  254635  6190053336
 265  255628  6219529128
 266  256973  6245790064
 267  258171  6269884952
 268  259037  6296408336
 269  260179  6322731368
 270  261563  6348814704
 271  261962  6357895792
 272  262794  6384420312
 273  263868  6409777776
 274  264977  6429937664
 275  265826  6456442880
 276  266879  6482632072
 277  267747  6498848264
 278  268607  6524619216
 279  269589  6551109056
 280  270839  6576866640
 281  271410  6586608888
 282  272287  6612957224
 283  273161  6638783728
 284  274631  6664995400
 285  275425  6679411744
 286  276392  6705333880
 287  277189  6731684184
 288  278326  6758179512
 289  279219  6776182400
 290  280151  6801691504
 291  281315  6828078816
 292  282803  6854213592
 293  283642  6880269632
 294  284464  6906453616
 295  285960  6932593352
 296  286009  6933960176
 297  286751  6959976048
 298  287901  6986358952
 299  289140  7011600376
 300  290182  7037928344
 301  291595  7063977736
 302  292147  7076045472
 303  292959  7101420696
 304  294421  7127463160
 305  295229  7142756656
 306  296251  7168991352
 307  297527  7194908944
 308  298458  7213225840
 309  299445  7239590072
 310  300712  7265776872
 311  301675  7284632464
 312  302362  7311049088
 313  303540  7337422728
 314  304878  7363344808
 315  305393  7389345704
 316  306500  7415853720
 317  307565  7434779584
 318  308074  7460771456
 319  309075  7487218488
 320  310289  7513089512
 321  310539  7518533160
 322  311112  7544662176
 323  312260  7570820312
 324  313492  7596481368
 325       0           0
 326  314538  7614733032
 327  315111  7640740592
 328  316097  7666434952
 329  317392  7692475768
 330       0           0
 331  318773  7733033576
 332  319479  7759576224
 333  320386  7785443672
 334  321804  7811638416
 335  323434  7837857240
 336  324491  7868136216
 337  325819  7894283888
 338  327973  7920996672
 339  329871  7948042440
 340  331713  7974282232
 341  333724  8001185288
 342  335350  8027539216
 343  336986  8054084776
 344  338430  8077323960
 345  339961  8103968072
 346  341013  8130307096
 347       0           0
 348  342033  8156781752
 349  342607  8183315736
 350  343963  8209327992
 351  344834  8235265432
 352  345110  8242041864
 353  345599  8268608992
 354  346493  8295065056
 355  347519  8319390824
 356  348012  8335324840
 357  348482  8361199840
 358  349658  8387121912
 359  350549  8410987000
 360  351262  8437170088
 361  352422  8462852152
 362  353163  8486704136
 363  353692  8512776560
 364  354661  8539086376
 365  355922  8565167744
 366  356380  8579752080
 367  356922  8606584808
 368  357736  8632912264
 369  358921  8659127944
 370  359231  8666527752
 371  359782  8692733616
 372  361025  8718930064
 373  362182  8743976272
 374  362687  8770069976
 375  363491  8796452192
 376  364707  8822448672
 377  365588  8839907296
 378  366045  8866168224
 379  366833  8892199808
 380  368072  8918718512
 381  368432  8924902248
 382  369263  8941313296
 383  369955  8967865376
 384  371134  8994915944
 385  372236  9021309816
 386  372395  9023809496
 387  373126  9050227832
 388  374074  9076587720
 389  375352  9102820312
 390  375787  9113100248
 391  376562  9139554816
 392  377688  9166948840
 393  378927  9193704592
 394  379241  9200022560
 395  379995  9225687960
 396  381164  9252133720
 397  382392  9278153016
 398  382460  9279821568
 399  383451  9306127096
 400  384584  9331869184
 401  385692  9357066968
 402  386565  9385522032
 403  387859  9411690072
 404  389084  9438092368
 405  389894  9464598216
 406  391187  9491265952
 407  392271  9512961744
 408  393102  9539659368
 409  394043  9566273464
 410  395372  9592889000
 411       0           0
 412  396790  9631862960
 413  398012  9658133960
 414  399318  9684537872
 415  400047  9710915392
 416  401521  9737268968
 417  402204  9751950504
 418  403061  9778107344
 419  404266  9804385560
 420  405609  9830905568
 421  405978  9838868768
 422  406756  9865394928
 423  408031  9891819128
 424  409029  9912426216
 425  409890  9938998080
 426  411178  9965325944
 427  412082  9987482184
 428       0           0
 429  413667 10040425520
 430  415048 10066374856
 431  415792 10083827728
 432  416450 10109168792
 433  417411 10135203960
 434  418426 10161170792
 435  418851 10172686008
 436  419608 10198971096
 437  420895 10224522232
 438  421102 10229319144
 439  421203 10231835872
 440  422057 10258424552
 441  423393 10284420904
 442  423725 10293066944
 443  424755 10320009624
 444  425989 10347149056
 445  427247 10372058432
 446  427480 10378256720
 447  428537 10403341888
 448  429703 10429562600
 449  431082 10455800616
 450  432168 10477835576
 451  432286 10479227952
 452  433038 10505568544
 453  434501 10532143272
 454       0           0
 455       0           0
 456       0           0
 457  438693 10631723720
 458  439033 10638597104
 459  439690 10665741232
 460  440927 10691901496
 461  442277 10717941672
 462  443013 10734248192
 463  443643 10759741240
 464  444688 10785950600
 465  445982 10812439496
 466  446954 10838766936
 467  447218 10844277096
 468  447845 10870591904
 469  448788 10896869976
 470  449932 10922528872
 471  450658 10945635856
 472  451441 10971408840
 473  452792 10997363536
 474  453435 11013222368
 475  454334 11039569464
 476  455703 11065441048
 477  456534 11084104688
 478  457266 11110402656
 479  458615 11136735712
 480  459589 11162796624
 481  459858 11169277304
 482  460834 11195394000
 483  462044 11221781840
 484  463089 11248037744
 485  463896 11274512512
 486  465195 11301323200
 487  465359 11304251480
 488  466202 11330554072
 489  467400 11356358800
 490  467863 11368384592
 491  468711 11394171176
 492  469803 11420556440
 493  470666 11438335296
 494  471412 11464364344
 495  472518 11490751384
 496  473543 11513961768
 497  474270 11540477304
 498  475359 11566673064
 499  476684 11593097928
 500  476722 11594006744
 501  477635 11619868160
 502  478834 11645977104
 503       0           0
 504  480562 11688848176
 505  481159 11703725992
 506  481328 11707568880
 507  482585 11733767424
 508  483136 11746354336
 509  484035 11771999672
 510  485274 11798654216
 511  485924 11812594232
 512  486788 11839005360
 513  488006 11866490440
 514  488178 11869137528
 515  489118 11895726200
 516  490780 11921394792
 517  491417 11937998904
 518  492347 11964189416
 519  493546 11990357304
 520  493751 11994063392
 521  494621 12008021672
 522  495888 12034435984
 523  496940 12060509384
 524  497223 12067829528
 525  498120 12094212088
 526  499251 12120403888
 527  500073 12141342120
 528  500897 12168116152
 529  501539 12194942720
 530  502368 12222178320
 531  503626 12248824744
 532  505118 12275333128
 533  506621 12302140928
 534  507434 12329199800
 535  508920 12355035976
 536  510299 12381398360
 537  513070 12408669640
 538  515253 12435395224
 539  516743 12461339648
 540  518522 12487589880
 541  520183 12514412120
 542  521538 12540712376
 543  523242 12567356112
 544  524947 12593680128
 545  525633 12604473600
 546  526523 12630329144
 547  527711 12657272040
 548  528560 12673541272
 549  529341 12700337936
 550  530602 12726910968
 551  531042 12737520168
 552  531991 12763272448
 553  533213 12788995072
 554  533505 12795191208
 555  534327 12819013312
 556  535343 12840861288
 557  535641 12846963592
 558  536185 12857820480
 559  537327 12884014256
 560  538328 12900523336
 561  539232 12926766112
 562  540705 12952649648
 563  541304 12967633512
 564  541841 12991571672
 565  542729 13017271960
 566  544209 13043293136
 567  544801 13056622120
 568  545454 13082875960
 569  546895 13108952888
 570  548052 13133097832
 571  548892 13159444736
 572  550180 13185682464
 573  550392 13189198016
 574  551735 13215315232
 575  552236 13228582672
 576  553399 13254809896
 577  554223 13271838560
 578  554990 13298505480
 579       0           0
 580  556350 13325329824
 581  557414 13337772304
 582  558271 13364430792
 583  559392 13390333168
 584  560582 13413956688
 585  561743 13440350208
 586  562928 13466683672
 587  563543 13479352256
 588  564806 13500172216
 589  566085 13520783224
 590  566341 13523418128
 591  567357 13548593584
 592  568670 13574872936
 593  568752 13576717288
 594  569615 13603335624
 595  570500 13631179648
 596  572077 13657356336
 597  573057 13682055512
 598  573853 13712403400
 599  575366 13738993480
 600       0           0
 601  577084 13789489176
 602  577795 13816105184
 603  578873 13842861088
 604  579916 13869641408
 605  580475 13879496024
 606  581455 13915414872
 607  582837 13941623408
 608  583631 13961777320
 609  584493 13977372856
 610  585388 14004468368
 611  587019 14030355344
 612  587326 14036144648
 613  588107 14062663992
 614  589741 14088905440
 615  590845 14110513688
 616  591578 14137122656
 617  592728 14163680560
 618  594081 14189634048
 619  594791 14199590784
 620  595478 14226741488
 621  597044 14253394104
 622  598288 14279879688
 623  598327 14280887240
 624  598923 14307533472
 625  600113 14333512504
 626  601482 14360050544
 627  601724 14367431320
 628  602575 14394000336
 629  603810 14421353152
 630  604640 14443009400
 631  605624 14465704792
 632  606047 14469907504
 633  606945 14496703168
 634  608300 14522638992
 635  608738 14529064344
 636  609770 14555965840
 637  611225 14582193568
 638  611920 14594265120
 639  612928 14620467808
 640  614269 14646941648
 641  614912 14660738664
 642  615804 14687504544
 643  617118 14713804712
 644  617602 14723907000
 645  618216 14750633848
 646  619554 14777212640
 647  620404 14794320736
 648  620931 14820048368
 649  621981 14847302056
 650  623283 14873201840
 651  623633 14880064472
 652  624006 14891409744
 653       0           0
 654  626113 14944783272
 655  627112 14966989112
 656  628020 14993242936
 657  629301 15018819392
 658  630382 15045387112
 659  630483 15047545808
 660  630745 15051345688
 661  631817 15078294696
 662  633070 15104044960
 663  633544 15115630288
 664  634394 15142165784
 665  635817 15168422976
 666  636140 15175071416
 667  636974 15200809408
 668  638250 15226964224
 669  639204 15245166512
 670  640023 15271255288
 671  641275 15296557128
 672  642034 15313771120
 673  643060 15334892720
 674  643458 15338419128
 675  644145 15364933168
 676  645405 15391237616
 677  646115 15409806768
 678  646778 15436235704
 679  648091 15463010288
 680  649144 15487943584
 681  650136 15514033368
 682  651358 15538941760
 683  651818 15550297952
 684  652777 15576527704
 685  654233 15602662000
 686  654894 15620044968
 687  655744 15646670152
 688  657157 15672834912
 689  657931 15689440696
 690       0           0
 691  660183 15741872320
 692  660972 15761670224
 693  661886 15787531216
 694  663272 15813823712
 695  663822 15827444488
 696  664656 15852762856
 697  665939 15878665512
 698  666366 15887209440
 699  667287 15913557504
 700  668577 15939841600
 701  668877 15945978944
 702  669695 15972009024
 703  671093 15997805696
 704  671288 16001650632
 705  672092 16027522968
 706  673341 16053507904
 707  673625 16058537312
 708  674662 16084644888
 709  675898 16109949512
 710  676919 16134863592
 711  678088 16160796464
 712  679167 16185690016
 713  680276 16212327056
 714  681367 16238169224
 715  682491 16264276672
 716  683058 16279367544
 717  683891 16305607896
 718  684950 16332153720
 719  686104 16358436384
 720  687243 16382737336
 721  687925 16409340488
 722  688955 16435540096
 723  689820 16461674360
 724  691094 16488131736
 725  691297 16493864776
 726  692053 16519917752
 727  692879 16545909224
 728  693797 16572476448
 729  694859 16598914528
 730  695029 16604173304
 731  695974 16616782544
 732  696713 16642712944
 733  697732 16668562448
 734  698946 16693363608
 735  699563 16711602832
 736  700123 16738124376
 737  701069 16764229120
 738  702403 16789546832
 739  703242 16816081856
 740  703939 16841287240
 741  704952 16867612288
 742  706313 16893888104
 743  707105 16917366152
 744  707772 16943815000
 745  708858 16969632168
 746  710058 16995879456
 747  711003 17021661552
 748  711376 17028924960
 749  712143 17055248832
 750  713184 17080888552
 751  714288 17107098056
 752  715304 17135711120
 753  716007 17162001704
 754  717122 17188381640
 755  718251 17214944280
 756  718765 17227042616
 757  719558 17253594544
 758  720691 17280060584
 759  721844 17306066576
 760  722659 17332354608
 761  723411 17358863192
 762  724351 17385358184
 763  725704 17411763688
 764  726358 17432831136
 765  727212 17459545096
 766  728284 17486113184
 767  728934 17503010976
 768  729862 17529428536
 769  731063 17555528472
 770  732154 17581321848
 771  732830 17607810160
 772  733812 17635583528
 773  734948 17662155808
 774  735506 17674219704
 775  736269 17700295288
 776  737374 17726349992
 777  738046 17745656808
 778  738923 17771573448
 779  740131 17797756192
 780  740849 17823733120
 781  741200 17829802624
 782  742088 17856403072
 783  743223 17882814736
 784  744405 17909049104
 785  745171 17926005048
 786  745860 17952609840
 787  746361 17978791272
 788  747819 18005603088
 789  748602 18027640232
 790  749282 18054046920
 791  750246 18080454112
 792  751448 18105029288
 793  752284 18130898552
 794  752857 18144439928
 795  753678 18170552344
 796  755069 18196340584
 797  756064 18214153368
 798  757467 18233494392
 799  758692 18255124064
 800  759078 18263801160
 801  759949 18290265136
 802  761255 18316608600
 803  762952 18343323360
 804  764231 18369850344
 805  764237 18370260040
 806  764859 18396807704
 807  765992 18422897720
 808  767290 18449482976
 809  769017 18476127384
 810  770024 18501839424
 811  770904 18517892600
 812  771643 18544205104
 813  772715 18570414736
 814  774104 18596860344
 815  775220 18622729168
 816  776001 18636342680
 817  776731 18662317864
 818  777673 18693880784
 819  778617 18723638136
 820  779609 18751070344
 821  780331 18777543240
 822  781261 18803319592
 823  782455 18828773640
 824  783482 18854544056
 825  783819 18861993496
 826  784728 18888337696
 827  785384 18915001416
 828  786466 18941353912
 829  787576 18967817328
 830  787659 18970117664
 831  788302 18996237480
 832  789191 19021977224
 833  790426 19048170712
 834  790982 19059818472
 835  791609 19086162688
 836  792529 19111898304
 837  793856 19138179768
 838  794371 19150124024
 839  795414 19172230768
 840       0           0
 841  796690 19211620176
 842  798019 19237573304
 843  799073 19260574632
 844  799627 19287035504
 845  800702 19313205856
 846  802177 19339354280
 847  803016 19356038016
 848  803711 19382525048
 849  804642 19408823528
 850       0           0
 851  807411 19462039632
 852  807931 19471697856
 853  808580 19498196240
 854  809528 19524091744
 855  811208 19550818136
 856  812169 19576665896
 857  812608 19585634992
 858  813288 19612175680
 859  814483 19638101728
 860  815815 19664532232
 861  816621 19682580112
 862  817135 19709130896
 863  818189 19735145192
 864  819566 19761456792
 865  820680 19787873968
 866  821384 19802471032
 867  821939 19828778384
 868  823060 19855253096
 869  824274 19881488264
 870  825523 19908016224
 871  826648 19933213768
 872  827413 19959758072
 873  828491 19986131344
 874  829911 20012115816
 875  831151 20038456216
 876  831274 20041948664
 877  832066 20068644152
 878  833426 20094930248
 879  834740 20121242856
 880  835996 20146973552
 881  836753 20172900176
 882  837654 20199348296
 883  839034 20225499288
 884  840104 20245215568
 885  840712 20271393472
 886  841513 20297083456
 887  842854 20323494776
 888  844127 20349802120
 889  844194 20351887136
 890  844756 20378245672
 891  846173 20404426080
 892  847465 20430728984
 893  847546 20433988544
 894  848238 20460555632
 895  849334 20486723008
 896  850520 20512588880
 897  851276 20532199960
 898  852061 20558770296
 899  853040 20584954000
 900  854241 20611220896
 901  855416 20637370712
 902  855888 20649572224
 903  856879 20672614216
 904  857941 20698558992
 905  858717 20717137976
 906  859469 20743476280
 907  860641 20769702792
 908  861573 20789913384
 909       0           0
 910  863227 20835384224
 911  863755 20844318792
 912  864327 20870767528
 913  865422 20896660032
 914  866931 20923090112
 915  868168 20948975408
 916  868548 20958460328
 917  869257 20984919456
 918  870338 21011058264
 919  870977 21037928080
 920  872731 21064213128
 921  873089 21072359720
 922  873849 21098191200
 923  874714 21124362048
 924  875265 21145819544
 925  876309 21171984432
 926  877663 21195838432
 927  878170 21221832824
 928  879211 21247861888
 929  880424 21274220088
 930       0           0
 931  882681 21322106824
 932  883401 21348418896
 933  884653 21374939400
 934  885794 21401249616
 935  886615 21426984248
 936  887183 21453747472
 937  888281 21480305544
 938  889530 21506687424
 939  890572 21527439208
 940  891241 21554977432
 941  892416 21581440832
 942  893647 21607803384
 943       0           0
 944  894694 21648667040
 945  895623 21677017728
 946  896814 21701002904
 947  897531 21727476728
 948       0           0
 949  899727 21806880104
 950  900224 21819539816
 951  900812 21847661216
 952  901974 21874955848
 953  903509 21901403144
 954  904620 21929605744
 955  904869 21936331928
 956  906377 21955738552
 957  906930 21983086200
 958  907729 22001241688
 959  908308 22031544944
 960  909103 22075324200
 961  909880 22137993096
 962  911267 22164441584
 963  911474 22169104960
 964  912171 22195558248
 965  913533 22221778768
 966  914865 22248226280
 967  914944 22250555920
 968  915187 22261097168
 969  916175 22287440528
 970  917547 22314291480
 971  917651 22317938648
 972  918208 22344556616
 973  919232 22370006496
 974  920599 22394611856
 975  921444 22420766104
 976  922576 22446736800
 977  922882 22453737256
 978  923475 22480145960
 979  924474 22506345176
 980  926001 22532972168
 981  926730 22554646304
 982  927380 22580743448
 983  928393 22606165144
 984  929806 22632884936
 985  930620 22659803440
 986  930733 22662535000
 987  931445 22688856640
 988  932660 22715277952
 989  933810 22740625880
 990  934043 22749234344
 991  934832 22775557632
 992  936220 22802437824
 993  937303 22829140512
 994  938077 22855282376
 995  939525 22881434248
 996  940397 22899739496
 997  941710 22920249840
 998  942987 22940189800
 999  943570 22951753024
1000  944382 22978150688
1001  945701 23004314216
1002  947241 23030542728
1003  947925 23042492280
1004  948477 23069105328
1005  949596 23094764888
1006  951365 23121148544
1007  952594 23147684800
1008  954034 23174084080
1009  954306 23179895048
1010  954822 23206506024
1011  955855 23232279656
1012  957110 23258772624
1013  958494 23284868720
1014  959587 23310874272
1015  959802 23316212624
1016  961003 23337425760
1017  961205 23341480304
1018  961742 23367642920
1019  962946 23394889024
1020  964192 23421177960
1021  965462 23447781864
1022  966532 23467444704
1023  967091 23493858800
1024  968146 23520255624
1025  968147 23520255720
1026  969649 23546343680
1027  971045 23572785360
1028  972062 23593208152
1029  972676 23619658936
1030  973949 23645932392
1031  975127 23672192752
1032       0           0
1033  977627 23716964944
1034  978184 23743521824
1035  979151 23769975280
1036  980463 23796621048
1037  981662 23822795648
1038  981669 23823287264
1039  982199 23849748912
1040  983297 23875823800
1041  984582 23902071296
1042  985239 23916734392
1043  985721 23928293856
1044  986436 23954552296
1045  987599 23980175072
1046  988020 23989575376
1047  988827 24016153368
1048  989786 24042681976
1049  991005 24068296144
1050  991769 24087310424
1051  992347 24113415504
1052  993517 24140014744
1053  994589 24165970616
1054  995747 24192823696
1055  995883 24194975448
1056  996556 24221278656
1057  997563 24247832672
1058  998692 24273379384
1059  999548 24294268704
1060 1000098 24320619472
1061 1001015 24346456560
1062 1002338 24372578320
1063 1003540 24398859416
1064 1003547 24399351032
1065 1004140 24425839928
1066 1005149 24452162384
1067 1006340 24478186024
1068 1007172 24493498096
1069 1008015 24517032448
1070 1008516 24526281520
1071 1009062 24552823808
1072 1010131 24578770040
1073 1011366 24605211344
1074 1012603 24631156040
1075 1013031 24639459808
1076 1013530 24665299576
1077 1014567 24691308784
1078 1015738 24717313152
1079 1016926 24743678080
1080 1017472 24752079464
1081 1018184 24778138424
1082 1019393 24804560304
1083 1020692 24830660200
1084 1021350 24844220928
1085 1021980 24870488392
1086 1023038 24896864776
1087 1024230 24922978704
1088 1025318 24946710776
1089 1026641 24967019928
1090 1027350 24980034232
1091 1027867 25006225192
1092 1028873 25032570656
1093 1030202 25059152448
1094 1031651 25085332744
1095 1032457 25099795904
1096 1033009 25126288032
1097 1034070 25152602112
1098 1035989 25178656776
1099 1037066 25204804840
1100 1038206 25228680504
1101 1038778 25254993936
1102 1040276 25281156584
1103 1041282 25307294592
1104 1042409 25333015544
1105 1042445 25334967544
1106 1043547 25357012648
1107 1044022 25363621144
1108 1044713 25389836352
1109 1045862 25416260608
1110 1046835 25442204440
1111 1047081 25447155912
1112 1047810 25473472472
1113 1049034 25499950408
1114 1050102 25526267928
1115 1051083 25547207144
1116 1051679 25573662192
1117 1053114 25599949920
1118       0           0
1119 1054928 25645214320
1120 1055783 25662930240
1121 1056338 25689614672
1122 1057475 25715372656
1123 1058729 25741000056
1124 1059809 25767064440
1125 1060124 25773694504
1126 1060608 25799829352
1127 1061808 25825837944
1128 1063117 25851823352
1129 1064295 25870802192
1130 1064847 25897256792
1131 1065875 25923497752
1132 1067035 25949724704
1133 1068450 25975818088
1134 1068949 26001575016
1135 1069978 26027758040
1136 1071267 26053759536
1137 1071955 26068384400
1138 1072498 26094960584
1139 1073551 26120292968
1140 1074952 26146409344
1141 1075946 26172695208
1142 1076197 26176989680
1143 1076964 26203414928
1144 1078008 26229444272
1145 1079240 26255507536
1146 1080242 26281708288
1147 1080387 26285296920
1148 1081161 26311059224
1149 1082118 26337576696
1150 1083284 26364000120
1151 1084219 26390177568
1152 1084362 26393579216
1153 1085047 26419885504
1154 1085970 26445583952
1155 1087079 26471584384
1156 1088183 26497213856
1157 1088711 26510689504
1158 1089231 26537069568
1159 1090063 26563236776
1160 1091248 26589269112
1161 1092244 26614372392
1162 1092712 26626269616
1163 1093204 26652365904
1164 1094105 26678274336
1165 1095215 26704334152
1166 1096179 26730691576
1167 1096528 26737782680
1168 1097042 26764122808
1169 1098294 26789819064
1170 1099493 26815647088
1171 1100643 26841486896
1172 1101439 26855639128
1173 1102397 26878401112
1174 1102459 26880043128
1175 1102944 26905943632
1176 1104283 26931706680
1177 1105705 26957927240
1178 1106937 26981250704
1179 1107400 27005182896
1180       0           0
1181 1109755 27057415648
1182 1111112 27083401104
1183       0           0
1184 1113079 27121553784
1185       0           0
1186 1114420 27169013176
1187 1115687 27194702944
1188 1117196 27221035968
1189 1118081 27237505704
1190       0           0
1191 1119513 27289647104
1192 1120715 27317064840
1193 1121784 27338669504
1194 1122459 27365081512
1195 1123294 27391274992
1196 1124522 27417386960
1197 1124952 27428565096
1198 1125624 27454587352
1199 1126615 27480639672
1200 1128103 27506705432
1201 1129499 27533051392
1202 1130068 27559233248
1203 1131026 27585502208
1204 1131994 27611777176
1205 1133291 27638156904
1206 1134464 27664201080
1207 1135813 27690054112
1208 1136388 27716752968
1209 1137320 27742294832
1210 1137979 27768924904
1211 1139239 27795045168
1212 1140183 27820715832
1213 1140345 27824761480
1214 1140948 27851465344
1215 1141618 27876743856
1216 1142416 27903159896
1217       0           0
1218 1143255 27928922400
1219 1144058 27950821720
1220 1144684 27976810936
1221 1145554 28003049048
1222 1146454 28029381656
1223 1147361 28055446256
1224 1148444 28081876544
1225 1149071 28108758008
1226       0           0
1227 1150132 28141725448
1228 1150952 28166725720
1229 1151972 28192987808
1230 1152850 28219202928
1231 1153608 28245412072
1232 1154079 28256828896
1233 1154748 28283103248
1234 1155629 28309416088
1235 1156805 28335499064
1236 1157656 28361315480
1237 1158457 28387564672
1238 1158847 28396569968
1239       0           0
1240 1160390 28448853408
1241 1161540 28474683328
1242 1162584 28500464136
1243 1163342 28526599752
1244 1163527 28530723112
1245 1164118 28557156272
1246       0           0
1247 1166381 28608834904
1248 1167297 28634744608
1249 1168223 28661025496
1250 1168461 28666088704
1251 1168977 28692406744
1252 1169962 28717831032
1253 1170802 28744158352
1254 1172156 28770358840
1255 1173142 28795698208
1256 1173858 28818346632
1257 1174452 28844889440
1258 1175392 28871029952
1259 1176826 28896732792
1260 1177613 28923282296
1261 1177982 28930827296
1262 1178580 28957193688
1263 1179505 28983379424
1264 1180645 29009475984
1265 1181361 29035146560
1266 1181578 29042247584
1267 1182108 29068802440
1268 1183120 29094755504
1269 1184456 29120490616
1270 1185664 29146851296
1271 1186415 29172385984
1272 1187399 29195191904
1273       0           0
1274       0           0
1275 1188160 29223159048
1276 1189249 29249336808
1277 1190834 29274988704
1278 1192087 29301042824
1279 1192948 29327301056
1280 1193021 29329311312
1281 1193572 29355835960
1282 1194646 29381223560
1283 1195729 29407374152
1284 1197115 29433750536
1285 1197807 29459802312
1286 1198550 29479405888
1287 1200328 29532307760
1288 1201441 29558516520
1289 1202603 29584671600
1290       0           0
1291       0           0
1292 1205716 29653952520
1293 1206749 29675045440
1294 1207280 29701433848
1295 1208342 29727718576
1296       0           0
1297 1210645 29779490024
1298 1211711 29805456000
1299 1212391 29829809160
1300 1212906 29855694008
1301 1213763 29882062528
1302 1214693 29907871064
1303 1215817 29933782416
1304 1216927 29960234960
1305 1217682 29986641216
1306 1218160 29997831560
1307 1218661 30024314480
1308 1219378 30050653424
1309 1220146 30076952632
1310 1221303 30103093144
1311 1222203 30129236144
1312 1222686 30142462264
1313 1223253 30168906888
1314 1223969 30194600080
1315 1225113 30220221208
1316 1226119 30241754304
1317 1226635 30268204592
1318 1227687 30294134672
1319 1228518 30320105864
1320 1229858 30346303712
1321 1231078 30372238008
1322 1232089 30393367816
1323 1232585 30420102216
1324 1233713 30446410848
1325 1234656 30473608032
1326 1236034 30499739696
1327 1237001 30526218944
1328 1237496 30538515744
1329 1238207 30558443064
1330 1238802 30584729144
1331 1239811 30610736416
1332 1241252 30636273480
1333 1242028 30662083768
1334 1242643 30672433448
1335 1243132 30698696880
1336 1243986 30725014184
1337 1245050 30751273336
1338 1246351 30777626968
1339 1247292 30803608456
1340 1248128 30830023480
1341 1248404 30834198168
1342 1248840 30860746624
1343 1249840 30886480304
1344 1251026 30910323472
1345 1252134 30936455664
1346 1252891 30962764152
1347 1253040 30965845152
1348 1253541 30992331904
1349 1254517 31018228752
1350 1255668 31044213776
1351 1256723 31070429472
1352 1257574 31094484904
1353 1258063 31120986768
1354 1258960 31147111032
1355 1259979 31173518648
1356 1261308 31199816688
1357 1262319 31226118024
1358 1263028 31242002032
1359 1264122 31263274640
1360 1264582 31268619184
1361 1265315 31294920000
1362 1266276 31320524296
1363 1267882 31346586440
1364 1269235 31375184248
1365 1269683 31382000504
1366 1270405 31407581496
1367 1271318 31433661304
1368 1272246 31459863568
1369 1273403 31486108808
1370 1274223 31503917392
1371 1274728 31530299128
1372 1275738 31556329920
1373 1276598 31582026720
1374 1277807 31608336512
1375 1278024 31611098312
1376 1278992 31633949528
1377 1279001 31633974864
1378 1279478 31659913936
1379 1280718 31685809848
1380 1282070 31711808368
1381 1283225 31738267424
1382 1283533 31742055000
1383 1284717 31763353408
1384 1285146 31772750376
1385 1285645 31799385704
1386 1286675 31825778960
1387 1288237 31851697408
1388 1289466 31878026544
1389 1290613 31904182392
1390       0           0
1391 1292270 31937057224
1392 1293042 31959991328
1393 1293434 31970206352
1394 1294030 31996869152
1395 1295188 32023047072
1396 1296870 32048954144
1397 1298169 32074984440
1398 1299037 32101442344
1399 1299773 32114974600
1400 1300248 32140671880
1401 1301270 32166011728
1402 1302415 32192272488
1403 1303939 32218531424
1404 1304771 32244926848
1405 1305498 32257232912
1406 1305967 32283813680
1407 1306884 32310335880
1408 1307995 32336506896
1409 1309383 32362116344
1410 1310442 32388174808
1411 1311296 32408665616
1412 1311945 32434837208
1413 1312906 32461721688
1414       0           0
1415 1315249 32519549032
1416 1316145 32545398600
1417 1317023 32566056032
1418 1317530 32592612688
1419 1318303 32618801016
1420 1319214 32645130544
1421 1319947 32671086464
1422 1321023 32696795184
1423 1322043 32722374648
1424 1323023 32748254792
1425 1323543 32774293344
1426 1324172 32801570632
1427 1325140 32827677344
1428 1325924 32854305072
1429 1326885 32880283120
1430       0           0
1431 1328838 32932256200
1432 1329189 32938471136
1433 1329670 32964590456
1434 1330481 32991003464
1435 1331313 33017105568
1436 1332563 33042695000
1437 1333187 33068958328
1438 1334132 33094827856
1439 1334909 33113614536
1440 1335548 33140101216
1441 1336548 33166278144
1442 1337819 33192176656
1443 1338600 33217856432
1444 1339056 33226807544
1445 1339590 33253494464
1446 1340447 33279719056
1447 1341402 33305550928
1448 1342633 33331794952
1449 1343677 33358174976
1450 1344538 33384758192
1451 1345067 33398557592
1452 1345586 33423477496
1453 1346369 33449790064
1454 1347169 33476027080
1455 1348458 33502316960
1456 1349524 33528570768
1457 1350376 33554813456
1458 1351548 33581216136
1459 1351571 33582573384
1460 1352251 33606533184
1461 1353102 33629853256
1462 1353812 33653491576
1463 1354754 33670293920
1464 1355266 33696546704
1465 1356166 33721999920
1466 1357577 33748240288
1467 1358678 33774540600
1468 1359618 33800621040
1469 1360591 33816440416
1470 1361110 33843297160
1471 1361990 33869500016
1472 1362660 33895673440
1473 1363703 33921895408
1474 1365222 33948095192
1475 1366339 33974174120
1476 1367381 34000030168
1477 1368013 34009370248
1478 1368563 34039074272
1479 1369435 34065327256
1480 1370170 34091629184
1481 1371217 34117659752
1482 1372689 34143826368
1483 1373763 34169893840
1484 1374877 34196040712
1485 1375760 34222320104
1486 1376215 34229012952
1487 1376726 34252753464
1488 1377392 34278924344
1489 1378404 34304647992
1490 1379505 34330817896
1491 1380946 34357248056
1492 1382084 34383185936
1493 1382921 34409127392
1494 1383707 34427804768
1495 1384222 34454350552
1496 1385139 34480323368
1497       0           0
1498 1386341 34507592824
1499 1387426 34530531496
1500 1388871 34550485144
1501 1389581 34579727432
1502       0           0
1503 1390730 34631892280
1504 1391833 34657191616
1505 1392614 34690539800
1506 1393338 34712505720
1507 1394247 34739109384
1508 1395358 34766335128
1509 1397218 34792843912
1510 1398128 34819499696
1511 1398962 34845359176
1512 1399684 34871761632
1513 1399762 34873511280
1514 1400295 34899490352
1515 1401160 34925171384
1516 1402214 34951639864
1517 1403194 34977778704
1518       0           0
1519 1406429 35029937312
1520 1407426 35055268400
1521 1408175 35081771024
1522 1408893 35104840840
1523 1409431 35131233784
1524 1409980 35157312608
1525 1411052 35183530128
1526 1412080 35209538880
1527 1413314 35234019440
1528 1414673 35259376648
1529 1415303 35285171696
1530 1415836 35311459568
1531 1416446 35326962960
1532       0           0
1533 1416995 35353006872
1534 1417925 35378964888
1535 1419112 35405593992
1536       0           0
1537 1420038 35431195952
1538 1420350 35441329960
1539 1420815 35467842544
1540 1421745 35494042672
1541 1422834 35520344008
1542 1423757 35545940096
1543 1424327 35572235880
1544 1425080 35589985128
1545 1425557 35616261992
1546 1426398 35642411640
1547 1427368 35668552168
1548 1428480 35694402728
1549 1429233 35720996928
1550 1429806 35734995384
1551 1430326 35760167152
1552 1431060 35786638104
1553 1432127 35812655216
1554 1433170 35838455896
1555 1434427 35864787848
1556 1435718 35891389864
1557 1436068 35898616704
1558 1436552 35924896896
1559       0           0
1560 1438699 35976882184
1561 1440076 36002608912
1562 1441067 36030904200
1563 1441941 36048236360
1564 1442451 36074592384
1565 1443580 36101140248
1566 1444876 36127371152
1567       0           0
1568 1446802 36181632744
1569 1446997 36185314304
1570       0           0
1571 1448250 36236127528
1572 1449276 36262139336
1573 1449511 36266329224
1574 1450324 36292437072
1575 1451321 36316993112
1576 1451846 36333425864
1577 1452052 36337891712
1578 1452365 36355520944
1579 1452825 36382172400
1580 1453871 36408787280
1581 1454953 36435173928
1582 1456289 36460876536
1583 1457328 36486309080
1584 1457533 36492332712
1585 1458069 36519006672
1586 1458497 36545345144
1587 1459500 36572208856
1588 1460348 36598082192
1589 1461348 36624034792
1590 1462579 36650582008
1591 1463417 36676955696
1592 1464090 36702527064
1593 1465103 36726537840
1594 1465742 36752856464
1595 1466103 36775732880
1596 1466534 36803532120
1597 1467180 36830073888
1598 1468486 36857317040
1599 1469485 36883864264
1600 1470557 36909851720
1601 1471659 36936351624
1602 1472561 36962669320
1603 1473829 36988701384
1604 1475282 37015617704
1605 1476362 37042376264
1606 1477418 37068264936
1607 1478008 37095168128
1608 1479209 37121529200
1609 1480188 37138599704
1610 1480670 37165130624
1611 1481570 37191885248
1612 1482511 37218421088
1613 1483342 37244076544
1614 1484323 37270620960
1615       0           0
1616 1486213 37324553856
1617 1486254 37327554432
1618 1486776 37353725032
1619 1487755 37380250232
1620 1488797 37406523344
1621 1489835 37432577560
1622 1490989 37458337768
1623 1492238 37484514016
1624 1493280 37511362400
1625 1494210 37536633848
1626 1495233 37558949336
1627 1495339 37561262824
1628 1496081 37585452456
1629 1496275 37592582040
1630 1496760 37618350088
1631 1497655 37644779576
1632 1498872 37671011712
1633 1499709 37696789952
1634 1500956 37722992520
1635 1502172 37749158032
1636 1503608 37775434208
1637 1504329 37801873512
1638 1505134 37819751104
1639 1505795 37846103496
1640 1506539 37872969448
1641 1507623 37899262056
1642 1508946 37925707768
1643 1509811 37952322752
1644 1510718 37978637704
1645 1511929 38005279248
1646 1513457 38031829120
1647 1515005 38057920536
1648 1516407 38084043088
1649 1517171 38110407408
1650 1518394 38137039824
1651 1518670 38144900552
1652 1519322 38171481680
1653 1519826 38197884088
1654 1521076 38224855960
1655 1522261 38251147072
1656 1523228 38276776944
1657 1524137 38303410032
1658 1525703 38329853888
1659 1527153 38356105944
1660 1528458 38382014992
1661 1529376 38408742720
1662 1530259 38431666368
1663 1530805 38458395816
1664 1531633 38482533872
1665 1532512 38509000320
1666 1533723 38535024776
1667 1534396 38561241096
1668 1534839 38573604232
1669 1536258 38593790464
1670 1537042 38604768384
1671 1537823 38615052528
1672 1538435 38641285048
1673 1538574 38643628032
1674 1539319 38670232736
1675 1540185 38696149672
1676 1540850 38722370480
1677 1542065 38748636880
1678 1543101 38774472992
1679 1543710 38801122736
1680 1544075 38810486184
1681 1544761 38836012608
1682 1545656 38861562072
1683 1546369 38887715264
1684 1547455 38914082520
1685 1548496 38940276352
1686 1549218 38963471688
1687 1549754 38990382720
1688 1550302 39017096160
1689 1551201 39043212256
1690 1552206 39069591760
1691 1553635 39096312320
1692 1554816 39122123632
1693 1555499 39147039568
1694 1556183 39166179176
1695 1556701 39193180792
1696 1557416 39219611640
1697 1558295 39245352200
1698 1559586 39271705608
1699 1560904 39297898728
1700 1561756 39323659624
1701 1562343 39350454784
1702       0           0
1703       0           0
1704 1564274 39415797600
1705 1565384 39442007720
1706 1566526 39468226824
1707 1567167 39494625504
1708 1567650 39507126584
1709 1568186 39533847640
1710 1569020 39559793184
1711 1569764 39585786560
1712 1570934 39611433920
1713 1572216 39638101792
1714 1572769 39663281256
1715 1573522 39689426472
1716 1574297 39713007616
1717 1574783 39738337080
1718 1575660 39764948688
1719 1576858 39790623312
1720 1577563 39816407520
1721 1578146 39842827088
1722 1578514 39851614264
1723 1579133 39876765392
1724 1580016 39902630560
1725 1580961 39927917888
1726 1581642 39953829104
1727 1581955 39962148872
1728 1582499 39984451392
1729 1583288 40010775128
1730 1584015 40037456200
1731 1585268 40063038080
1732 1586052 40089334632
1733 1586615 40107860032
1734 1587221 40134651904
1735 1587787 40161211864
1736 1588823 40187959696
1737 1589901 40214742456
1738 1591190 40241250232
1739 1591875 40267984016
1740 1592653 40294357904
1741 1593163 40320960360
1742 1594309 40347347344
1743 1595407 40376090816
1744 1596749 40402108552
1745 1597430 40428381008
1746 1597736 40438200800
1747 1598277 40465108464
1748 1598934 40481511144
1749 1599415 40508262984
1750 1600206 40535188936
1751 1601060 40561535648
1752 1602102 40588117152
1753 1603332 40615644664
1754 1604076 40642132256
1755 1604528 40654729712
1756 1605000 40681330416
1757 1605804 40707648312
1758 1606855 40734301872
1759 1608046 40760866592
1760 1608909 40787055088
1761 1609687 40812250832
1762 1610181 40838774400
1763 1611063 40863672616
1764 1612016 40889949680
1765 1612698 40915989776
1766 1613218 40934226744
1767 1613807 40960891216
1768 1614591 40986977360
1769 1615464 41013706952
1770 1616301 41039825240
1771 1617335 41066234576
1772 1617924 41091677904
1773 1618434 41109362936
1774 1618959 41136289808
1775 1619673 41164041608
1776 1620562 41190417264
1777 1621411 41216551784
1778 1622506 41243017264
1779 1623366 41269265512
1780 1623429 41271515816
1781 1623946 41297384336
1782 1624749 41323916888
1783 1625602 41350571024
1784 1626826 41376635544
1785 1627648 41403366416
1786 1628042 41414070264
1787 1628512 41440350936
1788 1629447 41466808480
1789 1630451 41492748096
1790 1631305 41518168848
1791 1631784 41533285368
1792 1632775 41556540832
1793 1633605 41580580624
1794 1634337 41604284880
1795 1634420 41608703856
1796 1635074 41635566528
1797 1636112 41661961240
1798 1636914 41688703944
1799 1638103 41714839168
1800 1638786 41741164824
1801 1639126 41750769832
1802 1639704 41777363744
1803 1640577 41804036928
1804 1641338 41830781752
1805 1642511 41857354616
1806 1643333 41884237208
1807 1643923 41905939600
1808 1644488 41931764480
1809 1644959 41945246064
1810 1645544 41971804016
1811 1646123 41998551784
1812 1647320 42024699560
1813 1648245 42051117160
1814 1649279 42077064952
1815 1650615 42103455656
1816 1651574 42129753064
1817 1652558 42156053800
1818 1653091 42182793992
1819 1654027 42203808440
1820 1654637 42230281976
1821 1655295 42256616152
1822 1656314 42283171824
1823 1657318 42307666712
1824 1658237 42334011440
1825 1659226 42359138704
1826 1660330 42385547600
1827 1661588 42411896520
1828 1662259 42437652008
1829 1663247 42463830424
1830 1663379 42467191736
1831 1663981 42494266080
1832       0           0
1833       0           0
1834 1666768 42572024184
1835 1667856 42598120744
1836 1669054 42624530008
1837 1669687 42650872640
1838 1670702 42677291560
1839 1671421 42704425600
1840 1671822 42730668424
1841 1672527 42757512256
1842 1672992 42783345064
1843 1673877 42809831960
1844 1674889 42836311680
1845 1676098 42862370712
1846 1676742 42888600984
1847 1677894 42914972584
1848 1679301 42940786328
1849 1680775 42967079072
1850 1682068 42993275752
1851 1683523 43019500568
1852 1684226 43046010208
1853 1685168 43070722872
1854 1685739 43084390736
1855 1686400 43109880352
1856 1686909 43136354624
1857 1687545 43162682168
1858 1688011 43189037216
1859 1689006 43215517728
1860 1690277 43242009344
1861 1690434 43244507256
1862 1691678 43265831792
1863 1692686 43289683128
1864 1693451 43307069840
1865 1694002 43333603760
1866 1695155 43359541400
1867 1695825 43385739928
1868 1697112 43412334480
1869 1698103 43437846456
1870 1699692 43464271376
1871 1701284 43490353576
1872 1702069 43517289848
1873 1702835 43538077832
1874 1703120 43555189984
1875 1703775 43581403776
1876 1704717 43608133848
1877 1705546 43634533888
1878 1706711 43660990200
1879 1707201 43674769840
1880 1707621 43700677376
1881 1707818 43714504752
1882 1708276 43741356464
1883 1709279 43767912304
1884 1710359 43794629904
1885 1711179 43820705984
1886 1711879 43842313208
1887 1712284 43868058000
1888 1712815 43894794232
1889 1713913 43921031856
1890 1714878 43947393576
1891 1715820 43973257312
1892 1716565 43999113688
1893 1716630 44001934032
1894 1716981 44016355168
1895 1717543 44043125280
1896 1718597 44069014264
1897 1719698 44093908616
1898 1720463 44119890608
1899 1721248 44146289472
1900 1721598 44159275360
1901 1722077 44183184336
1902 1722591 44209222400
1903 1723673 44235741792
1904 1724690 44261332984
1905 1725763 44287828696
1906 1726633 44314134552
1907 1727361 44340657072
1908 1727562 44346399984
1909 1728096 44373419240
1910 1728979 44400096208
1911 1729775 44424475936
1912 1730545 44450856704
1913 1731358 44477007336
1914 1732254 44502298712
1915 1732898 44519551616
1916 1733371 44546373640
1917 1734469 44572029296
1918 1735549 44597980048
1919 1736532 44624339824
1920 1737352 44651268784
1921 1737827 44661427032
1922 1738719 44684585072
1923 1739454 44703233992
1924 1739955 44730100448
1925 1740935 44756687968
1926 1742020 44783366360
1927 1743186 44809849184
1928 1744475 44836886096
1929 1745246 44855680544
1930 1745776 44882672336
1931 1746747 44908555552
1932 1747590 44935013080
1933 1748690 44961036448
1934 1750060 44987027336
1935 1750947 45013444016
1936 1751279 45023064848
1937 1751726 45043837800
1938 1752035 45056453264
1939 1753325 45081394720
1940 1754209 45107683592
1941 1755287 45134437840
1942 1756175 45160364008
1943 1757200 45186616376
1944 1757901 45212033064
1945 1758246 45219752408
1946 1758771 45245988160
1947 1760093 45272715240
1948 1760983 45298726744
1949 1761949 45325007472
1950 1763067 45351599056
1951 1763931 45378237408
1952 1764453 45389961096
1953 1765318 45413618016
1954 1765716 45421401912
1955 1766214 45448077272
1956 1767116 45474368352
1957 1767857 45499812360
1958 1768743 45525862616
1959 1769804 45552404472
1960 1770621 45579150704
1961 1771196 45595251136
1962 1771640 45621656384
1963 1772464 45647626368
1964 1773268 45673139312
1965 1774156 45699577640
1966 1775049 45724155480
1967 1776093 45750646264
1968 1776939 45777238576
1969 1777244 45786245448
1970 1777736 45813093192
1971 1778133 45838919560
1972 1779094 45865125704
1973 1780002 45891281472
1974 1780944 45917600184
1975 1782098 45944119400
1976 1782871 45970400792
1977 1783654 45989012648
1978 1784207 46015868464
1979 1785095 46042151216
1980 1786202 46068465232
1981 1787233 46093871704
1982 1788329 46120783712
1983 1789207 46142751328
1984 1789869 46169582848
1985 1791028 46196034360
1986 1792047 46220352592
1987 1793281 46246854080
1988 1794088 46273333040
1989 1794297 46279385248
1990 1794929 46305356272
1991 1796053 46331795696
1992 1797065 46358091592
1993 1798503 46384606008
1994 1799259 46410903336
1995 1799669 46421377808
1996 1800516 46445192256
1997 1801469 46465873856
1998 1801981 46492855272
1999 1802946 46519271992
2000 1804027 46545408592
2001 1805135 46571811136
2002 1805716 46586913800
2003 1806133 46612200136
2004 1806774 46638920824
2005 1807524 46664535520
2006 1808528 46690710120
2007 1809556 46717249408
2008 1810180 46737467120
2009 1810645 46764175688
2010 1811305 46790979632
2011 1812136 46817424840
2012 1813238 46843989136
2013 1814175 46869065680
2014 1815079 46895278104
2015 1815141 46897947312
2016 1815565 46923205376
2017 1816159 46949878272
2018 1817182 46976083088
2019 1818209 47002245696
2020 1819115 47028975352
2021 1820160 47055717064
2022 1820654 47066356288
2023 1821134 47093658744
2024 1821991 47120042376
2025 1822853 47146656776
2026 1823815 47172476816
2027 1824725 47198354088
2028 1825480 47217762968
2029 1825980 47244346424
2030 1826964 47269715784
2031 1827845 47295915968
2032 1828910 47322361680
2033 1829708 47349031432
2034 1829875 47355802784
2035 1830359 47381954664
2036 1831390 47408228912
2037 1832412 47434871744
2038 1833484 47461315336
2039 1834267 47487998048
2040 1834392 47494083120
2041 1835274 47517155944
2042 1836175 47540668896
2043 1836544 47557320888
2044 1837301 47583917144
2045 1838156 47609885960
2046 1839095 47636790792
2047 1840390 47663358776
2048 1840923 47676078888
2049 1841505 47703060704
2050 1842437 47729324848
2051 1843348 47755310584
2052 1844435 47780946592
2053 1845602 47807400144
2054 1846375 47828516456
2055 1846886 47855532688
2056 1847704 47882246648
2057 1848575 47909103248
2058 1849694 47935812176
2059 1850736 47962452896
2060 1851548 47988453496
2061 1851631 47991372248
2062 1852072 48015893592
2063 1852783 48042297840
2064 1853684 48069004400
2065 1854676 48095633032
2066 1855814 48121964144
2067 1856529 48148590864
2068 1856554 48149823680
2069 1857063 48176753272
2070 1857918 48202718776
2071 1858735 48228924520
2072 1860070 48255258400
2073 1860869 48281879864
2074 1861350 48295814656
2075 1861936 48322476696
2076 1862990 48348361688
2077 1864086 48374017416
2078 1864526 48386664216
2079 1865301 48411059512
2080 1865940 48432224080
2081 1866694 48458868528
2082 1867674 48484894640
2083 1868142 48498692120
2084 1868930 48525417456
2085 1869850 48551913192
2086 1870786 48578306424
2087 1871580 48605193896
2088 1871581 48605193992
2089 1872215 48632154384
2090 1873094 48657692112
2091 1873633 48683773200
2092 1874508 48710369520
2093 1875746 48736277136
2094 1876413 48763144016
2095       0           0
2096 1877672 48809091848
2097 1878444 48834570072
2098 1879200 48861074984
2099 1880025 48887663016
2100 1881066 48913737656
2101 1881641 48940209840
2102 1882515 48966118928
2103 1882888 48988798632
2104 1883623 49015064408
2105 1884416 49040503080
2106 1885316 49065906344
2107 1886050 49092655696
2108 1886653 49109141904
2109 1887112 49135445624
2110 1887749 49159083688
2111 1888590 49185554376
2112 1889302 49211821848
2113 1890277 49237867856
2114 1890331 49240327880
2115 1890945 49267104384
2116 1891738 49293205848
2117 1892790 49317764120
2118 1893723 49344010664
2119 1894391 49367083248
2120 1895585 49393951000
2121 1896111 49409437128
2122 1896641 49435981304
2123 1897406 49462629184
2124 1898170 49488460464
2125 1898895 49516069136
2126 1899586 49542835160
2127 1900834 49569633808
2128 1900844 49570371184
2129 1901276 49596289560
2130 1901655 49623505264
2131 1902537 49649692120
2132 1903448 49676609576
2133 1904245 49702566896
2134 1905201 49728113800
2135 1905636 49752672528
2136 1905861 49766053376
2137 1906211 49791840832
2138 1907331 49818336424
2139 1908270 49844409840
2140 1909084 49870461432
2141 1910139 49897368840
2142 1910761 49914918832
2143 1911266 49940842936
2144 1911973 49967444920
2145 1912943 49994346264
2146 1913828 50019908704
2147 1914492 50046555568
2148 1915507 50072814272
2149 1915916 50083587952
2150 1916635 50110315368
2151 1917627 50136502928
2152 1918543 50162858896
2153 1919490 50189142920
2154 1919729 50194731864
2155 1920456 50221688448
2156 1921318 50247964536
2157 1922085 50274653480
2158 1923019 50301217544
2159 1923213 50308233168
2160       0           0
2161 1925256 50360141432
2162 1925850 50385745760
2163 1927060 50407596264
2164 1927453 50419052312
2165 1927998 50445993096
2166 1928624 50472903744
2167 1929609 50499338896
2168 1930497 50526314040
2169 1931340 50552575032
2170 1932289 50578709232
2171 1933173 50606061672
2172 1933890 50625266720
2173 1934386 50652323872
2174 1934941 50679134216
2175 1936022 50705513192
2176       0           0
2177 1938037 50768016768
2178       0           0
2179       0           0
2180 1941297 50871332704
2181 1942459 50909457752
2182 1942988 50925004256
2183       0           0
2184 1944591 51001234880
2185       0           0
2186       0           0
2187       0           0
2188 1949477 51162665928
2189 1950024 51178507968
2190 1950539 51205094312
2191 1951712 51241977784
2192 1952965 51281379216
2193 1954415 51322131528
2194 1954692 51334164752
2195 1955440 51371640432
2196 1956706 51407667424
2197 1957779 51447590376
2198 1957996 51455480640
2199 1958563 51482578448
2200 1959419 51509102056
2201 1960389 51534910184
2202 1961196 51560875728
2203 1961716 51581673568
2204 1962149 51608207712
2205 1963020 51634986744
2206 1964081 51661521096
2207 1965007 51688319624
2208 1965710 51709909424
2209 1966317 51746015328
2210 1967454 51784537896
2211 1968739 51821138240
2212 1969615 51851789456
2213 1970302 51888327872
2214 1971451 51924967456
2215 1972795 51961461632
2216 1973009 51966899456
2217 1973548 51993321744
2218       0           0
2219 1975703 52065407920
2220 1976669 52102911704
2221 1977789 52140220128
2222       0           0
2223 1979950 52201900656
2224 1981243 52237629072
2225 1982531 52273830928
2226 1982851 52286780304
2227 1983692 52322857288
2228 1984929 52358232432
2229 1985818 52385071704
2230 1985959 52390849768
2231 1986908 52427120040
2232 1987667 52453721128
2233 1988590 52479818552
2234 1989462 52506683952
2235 1989579 52511500056
2236 1990491 52549186200
2237 1991603 52584895672
2238 1992784 52621862728
2239 1992940 52629070376
2240 1993652 52665344792
2241 1994568 52691650288
2242 1995625 52729932576
2243 1996724 52766747408
2244 1997037 52776391352
2245 1997553 52802111304
2246 1998656 52837547024
2247 1999938 52874584528
2248 2000339 52886698144
2249 2000969 52921595480
2250 2002179 52959242664
2251 2003497 52996454288
2252 2003832 53007847496
2253 2004304 53035704328
2254 2005028 53056179472
2255 2006143 53093099312
2256 2007161 53126726664
2257 2008010 53162266976
2258 2009028 53199196416
2259 2010402 53235951840
2260 2010470 53238584224
2261 2011093 53272239728
2262       0           0
2263 2012747 53331964504
2264 2014145 53367490664
2265 2014161 53368451272
2266 2014785 53403719088
2267 2015581 53432433192
2268 2016626 53468908280
2269 2018167 53504646888
2270 2018343 53508827072
2271 2018977 53544747168
2272 2019979 53581594296
2273 2020825 53616717944
2274 2022192 53652344384
2275 2022775 53668525688
2276 2023366 53704465768
2277 2024223 53740128752
2278 2025204 53775687392
2279 2026544 53811094264
2280 2027674 53848738224
2281 2027712 53850608904
2282 2028349 53886213584
2283 2029295 53922368840
2284 2030749 53958588536
2285 2031538 53989359600
2286 2032253 54025096400
2287 2033218 54060679168
2288 2034304 54096542192
2289 2035782 54132372512
2290       0           0
2291 2036565 54168297912
2292 2037676 54203184376
2293 2038777 54238473736
2294 2040044 54273015952
2295 2040861 54308871136
2296 2041909 54343994696
2297 2043078 54378965008
2298 2044006 54404506568
2299 2045079 54427550376
2300 2045817 54462941016
2301 2046960 54498333376
2302 2048394 54533674200
2303 2048645 54542413120
2304 2049320 54577913688
2305 2050352 54614395296
2306 2051590 54649702416
2307 2052193 54666236368
2308 2052771 54701456656
2309 2053766 54736887048
2310 2054729 54772020888
2311 2055780 54805301536
2312 2056421 54840726856
2313 2057398 54875345080
2314 2058716 54910924376
2315 2059717 54943947112
2316 2060423 54979260608
2317 2061382 55013752792
2318 2062591 55049156712
2319 2062865 55056611112
2320 2063639 55091598680
2321 2064714 55126840168
2322       0           0
2323 2066690 55194244160
2324 2067547 55229800536
2325 2068739 55264840520
2326 2069175 55280146888
2327 2069847 55315813072
2328 2070916 55351020504
2329 2072231 55386577064
2330 2072817 55407881400
2331 2073507 55443303200
2332 2074489 55478220520
2333       0           0
2334       0           0
2335 2076721 55553860720
2336 2077384 55589516984
2337 2078347 55625839536
2338 2079565 55661858384
2339 2080925 55697119104
2340 2081990 55732835640
2341 2082045 55734812856
2342 2082864 55771054704
2343 2084066 55808031512
2344       0           0
2345 2086219 55867765400
2346 2087048 55903245112
2347 2088045 55940182080
2348 2088933 55969112464
2349 2089549 56001481184
2350 2090295 56036952552
2351 2091245 56076929344
2352 2092328 56118403240
2353 2093138 56157504120
2354 2094624 56192851712
2355 2095897 56228842856
2356 2097571 56264682640
2357 2098201 56282878952
2358 2098831 56314816712
2359 2099515 56348958200
2360 2100595 56384714504
2361 2101820 56419665752
2362 2102722 56445734936
2363 2104059 56481053336
2364 2105418 56516269816
2365 2107014 56551446704
2366 2107526 56566150872
2367       0           0
2368 2108864 56634508488
2369       0           0
2370 2111340 56705112168
2371 2112937 56740408648
2372 2113217 56748410544
2373 2113821 56784236216
2374 2114443 56819333496
2375 2115602 56854468744
2376 2116941 56889824192
2377 2118467 56925458216
2378 2119744 56959692544
2379 2120459 56995489160
2380 2121489 57031020032
2381 2122689 57066480480
2382 2123877 57102015080
2383 2124624 57122152672
2384 2125047 57148663728
2385 2125946 57184257880
2386 2126822 57210381400
2387 2128290 57245839520
2388 2128749 57259342472
2389 2129282 57292708880
2390 2130223 57328127960
2391 2131759 57363527632
2392       0           0
2393 2133101 57421008056
2394 2134212 57456434400
2395 2135382 57491173120
2396 2136003 57511317144
2397 2136592 57547002032
2398 2137572 57582658600
2399 2138665 57618185840
2400 2139826 57653114992
2401 2140758 57678589592
2402 2141336 57714391280
2403 2142343 57750028064
2404 2143582 57785549232
2405 2144767 57821352640
2406 2145056 57829760664
2407 2145641 57864676120
2408 2146408 57900789784
2409 2147545 57936645968
2410 2148896 57972416552
2411 2149953 58008200944
2412 2151362 58042835608
2413 2152671 58078060592
2414 2153957 58110275272
2415 2154550 58145662728
2416 2155261 58180772296
2417 2156426 58216680976
2418 2157661 58252457472
2419 2158670 58287126256
2420 2160143 58322424000
2421 2161457 58357998280
2422 2162603 58393623936
2423       0           0
2424 2163683 58438087048
2425 2164729 58472870544
2426 2165706 58508371824
2427 2166892 58543596640
2428       0           0
2429 2168582 58594992912
2430 2169198 58630639848
2431 2170284 58666113904
2432 2171502 58701521056
2433 2172484 58727545880
2434 2173072 58763306336
2435 2174062 58798315992
2436 2175415 58833521728
2437 2175645 58840751648
2438 2176209 58876259776
2439 2177246 58910830920
2440 2178204 58946631760
2441 2179569 58982094048
2442 2180163 58997070200
2443 2180597 59023553120
2444 2181707 59063442624
2445 2182782 59103020544
2446 2184305 59142671376
2447 2184667 59151479864
2448 2185231 59186153616
2449 2186303 59221181312
2450 2187555 59256633368
2451 2188313 59277592064
2452 2188995 59313182072
2453 2189777 59339528904
2454 2190750 59375084512
2455 2192040 59410620120
2456 2193212 59446539384
2457 2193474 59455258864
2458 2194145 59494817816
2459 2195306 59534454000
2460 2196330 59573920776
2461 2197355 59600112552
2462 2198770 59640244488
2463 2199593 59667103048
2464 2200139 59701583496
2465 2201554 59740875104
2466 2202774 59779226672
2467 2204078 59819266920
2468 2204617 59838324104
2469 2205360 59874260984
2470 2206541 59909787720
2471 2207676 59945348240
2472 2208816 59981083024
2473 2209010 59987935464
2474 2209688 60023176096
2475 2210787 60056723208
2476 2211558 60083390240
2477 2212749 60123488496
2478 2214066 60160949744
2479 2214878 60201078408
2480 2215781 60227226288
2481 2217011 60267122632
2482 2218415 60307234056
2483 2218489 60310195944
2484 2219410 60350491560
2485       0           0
2486 2221611 60422026232
2487 2222272 60457834504
2488 2223000 60497619992
2489       0           0
2490 2225934 60577986992
2491 2227163 60617970776
2492 2228744 60657341800
2493 2230161 60697436400
2494 2230218 60698878208
2495 2230883 60738389600
2496 2231626 60778210392
2497 2232860 60818692560
2498 2234200 60858120936
2499 2235707 60898186064
2500 2237040 60937434456
2501 2238411 60977787080
2502 2239663 61011119408
2503 2240305 61051542448
2504 2241613 61091497496
2505 2242839 61131400048
2506       0           0
2507 2245621 61210975464
2508 2246319 61231317792
2509 2246904 61271615288
2510 2248197 61311757912
2511 2249358 61351900248
2512 2250861 61391602992
2513 2251912 61423635128
2514 2252566 61464071128
2515 2253600 61503853224
2516 2254979 61543275544
2517 2255995 61575125520
2518 2256597 61615823312
2519 2257568 61656204904
2520 2258774 61696307384
2521 2259945 61735713992
2522 2260768 61764187184
2523 2261424 61803497104
2524 2262296 61843363216
2525       0           0
2526 2264519 61922925848
2527 2265847 61962968176
2528 2266476 61979631592
2529 2267766 62002287384
2530 2268486 62042860384
2531 2269409 62082444952
2532 2270733 62121059896
2533 2272103 62161121832
2534 2273118 62186928296
2535 2273820 62227031416
2536 2275016 62266871688
2537       0           0
2538 2277602 62345294440
2539 2278057 62357572120
2540 2278716 62397870712
2541 2279865 62437176984
2542 2281118 62476437968
2543 2281892 62500790696
2544 2282530 62540976336
2545       0           0
2546 2285028 62620267920
2547 2285672 62660598168
2548 2286447 62700660600
2549 2287552 62739678080
2550 2288687 62779577224
2551 2289772 62811095888
2552 2290369 62851370248
2553 2291127 62887166768
2554 2292365 62922689080
2555 2293563 62962499168
2556 2294907 63002195992
2557 2296001 63036766744
2558 2296619 63076781736
2559 2297748 63116336352
2560 2298800 63154169816
2561 2300083 63193964680
2562 2301232 63233144896
2563       0           0
2564 2302820 63313028912
2565 2303941 63352867352
2566       0           0
2567 2305124 63411086008
2568 2306506 63451025960
2569 2307654 63491154200
2570 2307951 63500703520
2571 2308543 63540648432
2572 2309547 63580159272
2573 2311036 63619993936
2574 2311317 63629955240
2575 2311880 63667633752
2576 2312898 63707489536
2577 2314060 63746818856
2578 2315009 63777204784
2579 2315663 63818278896
2580 2316993 63858653128
2581 2318310 63898839672
2582 2319691 63939155232
2583 2320240 63957104504
2584 2320911 63997201752
2585 2322344 64037414984
2586 2323467 64077209800
2587 2324722 64119812600
2588 2325723 64154541536
2589 2326352 64194921992
2590 2326948 64233740512
2591 2328093 64273720400
2592       0           0
2593 2330478 64349476168
2594 2330935 64383718240
2595 2331615 64407154704
2596 2332264 64447634080
2597 2333139 64487497992
2598 2334215 64527613056
2599 2335507 64567350712
2600 2335837 64577707720
2601 2336429 64615800464
2602 2337316 64652549008
2603 2338221 64692547864
2604 2339586 64732675344
2605 2340483 64770575808
2606 2341116 64810177888
2607 2341961 64845765232
2608 2342930 64885457088
2609 2344158 64925545808
2610 2344882 64954384144
2611 2345572 64994593888
2612 2346677 65034590736
2613 2347925 65074650512
2614 2348998 65109715936
2615 2349598 65149380568
2616 2350773 65190994544
2617 2351924 65231019904
2618 2353124 65270192360
2619       0           0
2620 2354578 65335233624
2621 2355905 65375391856
2622 2357422 65415747736
2623 2358371 65447704672
2624 2358975 65488252512
2625 2359869 65528820848
2626 2360919 65569137184
2627 2362196 65602174872
2628 2363467 65642201664
2629 2364605 65682245736
2630 2364911 65692814000
2631 2365522 65733337032
2632 2366442 65773572664
2633 2367523 65811932344
2634 2368668 65851823616
2635 2369928 65892159648
2636 2370758 65923385520
2637 2371874 65950599520
2638 2372566 65990742696
2639 2373729 66031087712
2640 2374913 66070704664
2641 2376221 66108298960
2642 2376832 66146050872
2643 2377983 66186511440
2644 2378972 66226754208
2645 2380285 66267138824
2646 2381827 66306954728
2647 2382576 66329723792
2648 2383158 66366465000
2649 2383631 66394266112
2650 2384797 66434173968
2651 2385880 66474156376
2652 2387469 66513172568
2653 2388210 66537279752
2654 2388944 66577202232
2655 2390285 66617544480
2656 2390978 66642221968
2657 2391589 66681827344
2658 2392672 66721289192
2659 2393960 66761127680
2660 2394463 66779785984
2661 2395003 66816143488
2662 2395982 66856477896
2663 2397039 66896830088
2664 2398475 66936824272
2665 2399105 66955093440
2666 2399747 66995702440
2667 2400873 67035539160
2668 2402102 67075829856
2669 2403425 67115544128
2670 2403493 67117773368
2671 2404097 67156587416
2672 2405080 67197914832
2673 2406070 67237894344
2674 2407241 67276534248
2675 2408436 67316536888
2676 2408521 67319102584
2677 2409124 67355163200
2678 2410079 67394407448
2679 2411147 67433948024
2680 2412219 67474168344
2681 2413294 67509036984
2682 2413885 67549133840
2683 2414718 67589460744
2684 2415839 67629713400
2685 2417005 67669295560
2686 2418223 67704387960
2687 2418804 67743108712
2688 2419750 67782516760
2689 2420791 67822503880
2690 2422023 67861561864
2691 2423226 67899005272
2692 2423955 67939689664
2693 2425102 67979515240
2694 2426325 68015184176
2695 2427156 68055243304
2696 2428269 68095696768
2697 2429389 68126567080
2698 2430038 68167087872
2699 2430960 68207474968
2700 2432122 68247702560
2701 2433545 68287839688
2702 2433637 68292035584
2703 2434259 68332387608
2704 2435052 68372014936
2705 2436254 68411507688
2706 2437333 68451662408
2707 2438612 68491932520
2708 2439955 68532066096
2709 2441446 68572195720
2710 2441886 68589416120
2711 2442553 68630155080
2712 2443491 68670682472
2713 2444589 68711074184
2714 2445869 68750031696
2715 2446994 68789824528
2716 2448452 68829284296
2717 2449361 68862660352
2718 2450055 68902575416
2719 2451048 68942633760
2720 2452144 68982635136
2721 2453517 69023007544
2722 2453538 69023799784
2723 2454210 69063495560
2724 2455132 69102644280
2725 2456307 69140929184
2726 2457707 69181272840
2727 2458516 69206037760
2728 2459166 69245906280
2729       0           0
2730 2461621 69324347784
2731 2461717 69327140216
2732 2462380 69367329200
2733 2463547 69406878904
2734 2464615 69436047384
2735 2465442 69475951832
2736 2466539 69516063176
2737       0           0
2738 2468361 69580647512
2739 2469465 69618717816
2740 2470035 69644092248
2741       0           0
2742 2472194 69722549216
2743 2473148 69748856208
2744 2473573 69775412600
2745 2475310 69813592192
2746 2476355 69849991248
2747 2477087 69874890816
2748 2485631 70177482568
2749 2496088 70560560192
2750 2501715 70738536536
2751 2511966 71101618264
2752 2515035 71183911024
2753 2517039 71271295576
2754 2519296 71352361896
2755 2521805 71432001856
2756 2524638 71533570296
2757 2528905 71692069408
2758 2532955 71861160360
2759 2536789 72003252056
2760 2540330 72130676968
2761 2542232 72210927280
2762 2544580 72300699200
2763 2546696 72378764944
2764 2548444 72457547968
2765 2550490 72550727704
2766 2552906 72661167272
2767 2554772 72747303160
2768 2556392 72825306088
2769 2558269 72915998592
2770 2560300 73021110000
2771 2562244 73119190280
2772 2563797 73197917184
2773 2565289 73267966856
2774 2567098 73350371984
2775 2569035 73432829376
2776 2571212 73536826952
2777 2574243 73684598448
2778 2576876 73815156336
2779 2578225 73877692392
2780 2579513 73936066680
2781 2580892 73997828208
2782 2582184 74056396488
2783 2583944 74132627464
2784 2585708 74207354936
2785 2587487 74286317000
2786 2589423 74363373664
2787 2591495 74451452536
2788 2593481 74535103112
2789 2595568 74629369520
2790 2597722 74729097328
2791 2599900 74834428264
2792 2601673 74909020672
2793 2603887 75008083368
2794 2606135 75100377376
2795 2608607 75215754048
2796 2610324 75292658920
2797 2611413 75348599064
2798 2613336 75447544464
2799 2615394 75540656704
2800 2617504 75628544824
2801 2619227 75698598816
2802 2621786 75808122200
2803 2624006 75914933312
2804 2626143 76012780128
2805 2628522 76115305888
2806 2631061 76211596616
2807 2633691 76321742992
2808 2638064 76449557096
2809 2640733 76565790296
2810 2642944 76671235680
2811 2644817 76766083792
2812 2649026 76908172536
2813 2650775 76993730520
2814 2652211 77060079208
2815 2653717 77128052968
2816 2654873 77172107984
2817 2656092 77229645336
2818 2657488 77302020384
2819 2658910 77361786064
2820 2660734 77439212984
2821 2662694 77526882872
2822 2664588 77626156136
2823 2666370 77722415408
2824 2668222 77802466328
2825 2669703 77867521296
2826 2670787 77921096256
2827 2672536 78008576128
2828       0           0
2829 2675686 78140838960
2830 2677381 78219859744
2831 2678717 78284883608
2832 2679995 78347867224
2833 2681437 78418437560
2834 2682474 78466594576
2835 2683595 78528400904
2836 2684866 78592339784
2837 2686512 78674187888
2838 2687958 78744822608
2839 2689092 78793188736
2840 2690738 78873989280
2841 2692430 78961911096
2842 2694032 79046485376
2843 2696573 79155879656
2844 2698930 79246070424
2845 2700723 79334389216
2846 2702506 79428730912
2847 2703993 79508050160
2848 2705381 79581044304
2849 2707252 79677715736
2850 2709382 79785961384
2851 2711025 79859264488
2852 2712558 79927236832
2853 2714298 80005900664
2854 2716089 80089664920
2855 2717816 80171156432
2856 2719075 80231498584
2857 2720337 80291768480
2858 2721685 80355887360
2859 2722975 80417099800
2860 2724315 80478165624
2861 2725575 80539778504
2862 2727053 80620180896
2863 2728410 80690026920
2864 2729961 80763007272
2865 2731329 80835555400
2866 2732726 80907310376
2867 2734204 80977520952
2868 2735528 81040222384
2869 2736697 81089161168
2870 2737953 81150949672
2871 2739295 81218855808
2872 2740749 81285310920
2873 2742303 81357074640
2874 2744219 81439588512
2875 2745876 81513309024
2876 2747125 81578411104
2877 2748444 81642018712
2878 2749852 81713905192
2879       0           0
2880       0           0
2881       0           0
2882       0           0
2883 2751579 81806888712
2884 2752941 81883836624
2885 2754001 81935829736
2886 2754968 81986147080
2887 2756181 82054301616
2888 2757095 82097498848
2889 2758508 82159291728
2890 2759940 82219197840
2891 2761083 82264879360
2892 2762471 82325147208
2893 2764377 82416199288
2894 2766442 82524784432
2895 2767998 82610877496
2896 2775056 82987969808
2897 2785865 83389377144
2898 2798670 83777252296
2899 2811003 84161726296
2900 2823153 84555426432
2901 2824731 84612683864
2902 2827513 84719546552
2903 2829059 84786879080
2904 2832109 84915788888
2905 2835018 85039476624
2906 2835963 85089438984
2907 2837958 85191034968
2908 2840412 85285282168
2909 2842589 85376325512
2910 2844356 85464081176
2911 2845530 85508763648
2912 2846585 85551765616
2913 2847543 85592077480
2914 2848844 85659360712
2915 2850569 85752171896
2916 2851991 85824762104
2917 2853403 85888100232
2918 2854971 85972529528
2919 2856091 86029530104
2920 2857221 86087231608
2921 2858209 86140936184
2922 2859312 86186368040
2923 2860701 86244512304
2924 2861787 86294468536
2925 2862779 86338291696
2926 2863822 86386932728
2927 2864568 86416603632
2928 2865819 86482831240
2929 2867250 86556927824
2930 2868580 86623320768
2931 2869984 86702495504
2932 2871437 86759991880
2933 2872385 86803379904
2934 2873431 86857189584
2935 2874697 86925689592
2936 2875529 86965848304
2937 2876203 86994229488
2938 2877239 87047965152
2939 2878324 87104538512
2940 2879532 87160872064
2941 2881997 87280236504
2942 2883566 87349068456
2943 2884910 87415990944
2944 2886828 87518781224
2945 2888598 87602469408
2946 2889687 87645816976
2947 2890638 87683892232
2948 2892076 87760981992
2949 2893122 87807883456
2950 2894164 87860578488
2951 2895327 87915712600
2952 2896565 87967358400
2953 2897922 88034277120
2954 2899776 88134565480
2955 2901573 88228106024
2956 2902625 88286412544
2957 2903316 88320048136
2958 2904139 88361230240
2959 2905348 88424751992
2960 2906336 88473497536
2961 2907055 88506283728
2962 2907883 88544523608
2963 2908834 88590354144
2964 2909829 88640076000
2965 2910848 88689510160
2966 2911847 88739844480
2967 2913094 88804892704
2968 2914475 88880962528
2969 2915377 88926156720
2970 2916632 88982757048
2971 2917631 89035818400
2972 2918488 89084966296
2973 2920712 89231303168
2974 2922464 89336563864
2975 2923645 89400851512
2976 2924825 89469279568
2977 2925854 89533529272
2978 2926664 89586011552
2979 2927230 89621395424
2980 2928126 89682249176
2981 2929378 89768987008
2982 2930109 89817057912
2983 2931229 89898633472
2984 2934811 90138843752
2985 2937292 90314177512
2986       0           0
2987       0           0
2988       0           0
2989       0           0
2990       0           0
2991       0           0
2992       0           0
2993       0           0
2994       0           0
2995       0           0
2996       0           0
2997       0           0
2998       0           0
2999       0           0
3000       1           0
3001   22267   407501712
3002   40354   808669168
3003   55863  1202298664
3004   71108  1597538072
3005   85413  1992076920
3006   99521  2386966832
3007  115331  2782611424
3008  131341  3178689600
3009  146453  3574234056
3010  161319  3971490968
3011  176758  4368095936
3012  191978  4763163552
3013  212388  5159044464
3014  227417  5554165888
3015  243821  5951104824
3016  261406  6346246848
3017  277556  6743335600
3018  294974  7138611768
3019  310879  7535873408
3020  329137  7932382672
3021  347728  8327158968
3022  361199  8723683944
3023  375943  9118599712
3024  392394  9515350048
3025  409031  9912426408
3026  424058 10307987016
3027  441596 10703213800
3028  456895 11098679856
3029  472608 11492825760
3030  488744 11887823168
3031  505547 12281775520
3032  528683 12678419056
3033  545167 13075899648
3034  563253 13473797432
3035  579975 13871888176
3036  597630 14265606376
3037  615008 14663175584
3038  630978 15060619760
3039  647958 15458659256
3040  664686 15854873864
3041  681909 16251426352
3042  696922 16647290800
3043  711714 17044470016
3044  726538 17440299176
3045  741414 17837007176
3046  757652 18235553960
3047  775853 18633887472
3048  789617 19031698456
3049  805593 19429001704
3050  821869 19825567224
3051  838920 20221508856
3052  854626 20618057320
3053  870547 21015709152
3054  886044 21409354408
3055  899632 21804504232
3056  912450 22202513064
3057  928112 22601136456
3058  945099 22996348856
3059  962881 23393390136
3060  980086 23790324752
3061  995463 24186759192
3062 1010233 24583315592
3063 1027215 24978088368
3064 1044220 25373681904
3065 1059861 25769459432
3066 1075639 26164751184
3067 1088904 26517956824
3068 1103446 26914947112
3069 1120182 27308322240
3070 1136107 27702603696
3071 1148870 28100108752
3072 1162313 28494834184
3073 1176437 28888886912
3074 1191226 29282424512
3075 1206848 29677096688
3076 1220070 30072557200
3077 1234467 30467115896
3078 1248884 30862958656
3079 1263912 31257443472
3080 1279353 31652565184
3081 1296872 32048954336
3082 1312345 32444528104
3083 1325477 32840561536
3084 1339311 33236548792
3085 1353104 33629853448
3086 1368357 34026027160
3087 1383298 34420967288
3088 1398031 34817377832
3089 1412203 35212203000
3090 1425436 35608234128
3091 1440100 36004085976
3092 1453554 36400338552
3093 1466372 36796043080
3094 1481577 37192113528
3095 1496135 37587663672
3096 1510769 37980727520
3097 1528178 38374724072
3098 1542957 38769236024
3099 1556185 39166179368
3100 1569197 39563926288
3101 1581957 39962149064
3102 1594792 40361625368
3103 1607934 40758326392
3104 1619472 41157233784
3105 1632665 41553340488
3106 1645028 41947858744
3107 1658641 42343486824
3108 1672045 42738136152
3109 1686845 43133846056
3110 1702480 43528337424
3111 1714068 43925513400
3112 1726779 44321303976
3113 1739763 44716890728
3114 1754452 45112180464
3115 1768045 45506511944
3116 1780450 45903688856
3117 1794776 46297350320
3118 1808576 46692903288
3119 1821079 47090045072
3120 1834154 47486558632
3121 1847706 47882246840
3122 1860760 48278052384
3123 1873490 48673864392
3124 1885417 49070127976
3125 1897471 49464779096
3126 1908875 49860947240
3127 1921554 50255478376
3128 1934388 50652324064
3129 1945966 51049487648
3130 1957730 51446191048
3131 1969345 51843145552
3132 1981356 52240814368
3133 1993134 52637393568
3134 2004306 53035704520
3135 2015680 53435148224
3136 2027228 53832929288
3137 2038566 54231500424
3138 2049463 54586009760
3139 2056735 54850406552
3140 2068090 55246629328
3141 2078940 55645638384
3142 2090517 56044300328
3143 2102632 56442923912
3144 2115165 56840551992
3145 2127927 57236142880
3146 2139158 57633231024
3147 2150919 58029011224
3148 2163471 58423889848
3149 2174909 58821339288
3150 2186159 59216537040
3151 2197697 59614374744
3152 2209419 60010270608
3153 2220980 60407496832
3154 2232338 60806819024
3155 2245496 61205458784
3156 2256432 61602756056
3157 2267768 62002287576
3158 2278750 62400176360
3159 2289309 62798553984
3160 2300198 63196358336
3161 2310084 63594222744
3162 2320760 63989712376
3163 2331073 64388257632
3164 2340771 64785514176
3165 2350585 65185731560
3166 2361334 65582800944
3167 2372202 65971883752
3168 2383216 66370940600
3169 2394164 66770899688
3170 2404339 67170617232
3171 2414198 67569784224
3172 2424733 67963753224
3173 2434839 68361345824
3174 2446182 68760633264
3175 2456855 69158947368
3176 2467735 69557337448
3177 2478993 69956122360
3178 2490130 70355960648
3179 2502106 70760020696
3180 2514139 71162479456
3181 2525188 71562954464
3182 2535591 71962513856
3183 2546214 72362784976
3184 2555017 72763399824
3185 2563135 73166099120
3186 2571624 73566211320
3187 2580097 73968247944
3188 2589425 74363373856
3189 2598103 74756100296
3190 2607128 75158900368
3191 2615717 75562339128
3192 2624796 75963799288
3193 2634618 76365604680
3194 2644819 76766083984
3195 2654564 77165583792
3196 2663226 77564443360
3197 2671563 77965221416
3198 2680261 78361803136
3199 2688347 78763608656
3200 2696686 79163308128
3201 2704950 79564266864
3202 2713283 79964773408
3203 2721794 80360722328
3204 2729963 80763007464
3205 2738120 81162768120
3206 2746761 81562618216
3207 2750229 81737945752
3208 2758002 82137773032
3209 2766662 82538908616
3210 2773549 82943091608
3211 2783892 83346957768
3212 2797520 83744541704
3213 2810313 84143500808
3214 2822483 84542928920
3215 2832623 84945122664
3216 2842010 85347284368
3217 2850440 85746991936
3218 2858364 86147516504
3219 2866193 86505305096
3220 2874270 86904961712
3221 2882453 87303540240
3222 2890957 87705097464
3223 2899091 88105235536
3224 2907044 88505682480
3225 2915000 88904445200
3226 2921777 89303563144
3227 2928296 89693425888
3228 2934189 90093327240
3229 2937292 90314177512
