1,2
2,511
3,1249
4,2825
5,3891
6,5099
7,6847
8,8104
9,9176
10,10600
11,11084
12,11591
13,12368
14,13961
15,14965
16,16235
17,18156
18,19540
19,20604
20,22015
21,22499
22,23203
23,23788
24,24402
25,24821
26,26277
27,26277
28,26957
29,27732
30,28411
31,29093
32,29688
33,30300
34,31050
35,31919
36,32783
37,33554
38,34329
39,35182
40,35972
41,36534
42,36691
43,37288
44,38058
45,38372
46,39090
47,40013
48,40733
49,41518
50,41648
51,42449
52,43074
53,43791
54,44099
55,44707
56,45163
57,45890
58,46292
59,47131
60,47742
61,48337
62,49238
63,49969
64,50274
65,51070
66,51873
67,52353
68,53210
69,54252
70,54684
71,55527
72,56395
73,56878
74,57157
75,57793
76,58545
77,59274
78,59595
79,60133
80,60267
81,61095
82,61901
83,62015
84,62592
85,63083
86,63889
87,64626
88,64699
89,65192
90,65789
91,66138
92,67079
93,67668
94,67967
95,68605
96,69085
97,69983
98,70571
99,70662
100,71320
101,71941
102,72693
103,72820
104,73528
105,74128
106,75058
107,75599
108,76269
109,76746
110,77310
111,78107
112,78797
113,78799
114,79495
115,80680
116,81413
117,81967
118,82623
119,83267
120,84563
121,85233
122,85930
123,86847
124,87671
125,88086
126,88836
127,89239
128,90288
129,90966
130,91658
131,92397
132,93331
133,93733
134,94377
135,95221
136,95769
137,96367
138,97236
139,97696
140,98200
141,98966
142,99761
143,100204
144,101084
145,101992
146,102506
147,103348
148,103803
149,104313
150,105093
151,105398
152,106044
153,106840
154,107486
155,108057
156,108833
157,109563
158,109618
159,110159
160,110941
161,111638
162,111657
163,112144
164,112835
165,113690
166,113752
167,114280
168,115365
169,115969
170,116425
171,117317
172,117918
173,118415
174,119336
175,119710
176,120315
177,121205
178,121455
179,122178
180,123130
181,123699
182,123991
183,124906
184,125499
185,126257
186,127156
187,127270
188,127930
189,128687
190,129820
191,129831
192,130392
193,131207
194,131916
195,132478
196,133093
197,133982
198,134521
199,134932
200,135982
201,136472
202,136859
203,137807
204,138967
205,140120
206,141007
207,142351
208,142780
209,144564
210,145769
211,146781
212,148259
213,149373
214,150613
215,151779
216,152203
217,152730
218,153770
219,154499
220,154894
221,155635
222,156631
223,156814
224,157259
225,158047
226,159030
227,159196
228,159720
229,160301
230,161521
231,161738
232,162300
233,163109
234,163930
235,164421
236,165380
237,165852
238,166485
239,167397
240,167957
241,167983
242,168570
243,169434
244,169563
245,170072
246,171169
247,171430
248,171976
249,173097
250,174038
251,174609
252,175485
253,176582
254,176675
255,177434
256,178424
257,179370
258,179386
259,180269
260,181275
261,182078
262,182664
263,183403
264,184505
265,185160
266,186210
267,187131
268,187691
269,188535
270,189621
271,189917
272,190439
273,191223
274,192110
275,192653
276,193405
277,194089
278,194648
279,195325
280,196281
281,196745
282,197317
283,197887
284,199059
285,199696
286,200365
287,200850
288,201681
289,202368
290,203006
291,203865
292,205063
293,205599
294,206112
295,207312
296,207345
297,207779
298,208621
299,209569
300,210313
301,211433
302,211851
303,212371
304,213540
305,214175
306,214892
307,215865
308,216590
309,217270
310,218243
311,218995
312,219369
313,220244
314,221295
315,221499
316,222304
317,223161
318,223360
319,224051
320,224968
321,225157
322,225420
323,226266
324,227208
325,227438
326,228048
327,228314
328,229002
329,229991
330,230377
331,230898
332,231289
333,231894
334,233009
335,234350
336,235062
337,236094
338,237959
339,239563
340,241124
341,242845
342,244176
343,245516
344,246704
345,247934
346,248684
347,249398
348,249398
349,249666
350,250732
351,251302
352,251501
353,251673
354,252260
355,253004
356,253311
357,253474
358,254347
359,254957
360,255361
361,256229
362,256696
363,256917
364,257578
365,258545
366,258835
367,259057
368,259565
369,260447
370,260672
371,260916
372,261855
373,262727
374,262919
375,263414
376,264336
377,265019
378,265165
379,265652
380,266593
381,266885
382,267531
383,267910
384,268789
385,269588
386,269721
387,270143
388,270786
389,271761
390,272078
391,272541
392,273357
393,274285
394,274530
395,274980
396,275844
397,276778
398,276826
399,277516
400,278355
401,279173
402,279718
403,280713
404,281636
405,282139
406,283129
407,283964
408,284480
409,285114
410,286144
411,286592
412,287121
413,288050
414,289051
415,289471
416,290649
417,291166
418,291717
419,292625
420,293677
421,293959
422,294425
423,295402
424,296164
425,296719
426,297714
427,298366
428,298764
429,299327
430,300412
431,300960
432,301317
433,301971
434,302689
435,302987
436,303440
437,304435
438,304589
439,304669
440,305214
441,306254
442,306488
443,307205
444,308131
445,309108
446,309270
447,310036
448,310895
449,311976
450,312812
451,312918
452,313360
453,314528
454,315285
455,315903
456,316581
457,317574
458,317838
459,318177
460,319114
461,320170
462,320716
463,321044
464,321790
465,322785
466,323448
467,323650
468,323969
469,324610
470,325460
471,325917
472,326401
473,327458
474,327921
475,328515
476,329591
477,330204
478,330627
479,331677
480,332348
481,332541
482,333213
483,334117
484,334866
485,335364
486,336358
487,336491
488,337029
489,337936
490,338260
491,338810
492,339595
493,340251
494,340690
495,341493
496,342253
497,342674
498,343461
499,344495
500,344525
501,345139
502,346036
503,346544
504,347273
505,347699
506,347824
507,348784
508,349193
509,349791
510,350720
511,351212
512,351767
513,352682
514,352824
515,353461
516,354838
517,355288
518,355913
519,356809
520,356970
521,357687
522,358656
523,359405
524,359606
525,360197
526,361031
527,361613
528,362124
529,362448
530,362965
531,363919
532,365115
533,366321
534,366821
535,368016
536,369099
537,371580
538,373472
539,374670
540,376164
541,377534
542,378589
543,379998
544,381408
545,381971
546,382557
547,383434
548,384096
549,384572
550,385540
551,385855
552,386506
553,387430
554,387651
555,388193
556,388966
557,389196
558,389621
559,390465
560,391283
561,391885
562,393064
563,393489
564,393744
565,394336
566,395523
567,395959
568,396303
569,397444
570,398328
571,398862
572,399851
573,400025
574,401078
575,401427
576,402294
577,402924
578,403378
579,404425
580,404435
581,405366
582,405910
583,406736
584,407666
585,408515
586,409399
587,409871
588,410895
589,411944
590,412171
591,412902
592,413913
593,413979
594,414535
595,415104
596,416391
597,417080
598,417523
599,418740
600,419468
601,419912
602,420310
603,421082
604,421818
605,422268
606,422879
607,423966
608,424528
609,425212
610,425793
611,427144
612,427386
613,427855
614,429196
615,430051
616,430474
617,431319
618,432380
619,432983
620,433354
621,434630
622,435578
623,435606
624,435888
625,436790
626,437861
627,438022
628,438566
629,439492
630,440072
631,440789
632,441164
633,441751
634,442812
635,443179
636,443905
637,445067
638,445625
639,446333
640,447369
641,447852
642,448440
643,449467
644,449838
645,450135
646,451170
647,451823
648,452044
649,452785
650,453793
651,454067
652,454308
653,454820
654,455810
655,456554
656,457163
657,458153
658,458931
659,459006
660,459225
661,459989
662,460947
663,461288
664,461834
665,462961
666,463207
667,463740
668,464716
669,465458
670,465972
671,466938
672,467511
673,468298
674,468660
675,469031
676,469994
677,470488
678,470838
679,471857
680,472627
681,473319
682,474258
683,474585
684,475242
685,476399
686,476859
687,477400
688,478519
689,479108
690,479648
691,480751
692,481310
693,481926
694,483028
695,483420
696,483958
697,484949
698,485278
699,485894
700,486889
701,487118
702,487636
703,488745
704,488895
705,489395
706,490344
707,490571
708,491311
709,492255
710,492990
711,493864
712,494662
713,495469
714,496265
715,497085
716,497477
717,498004
718,498756
719,499609
720,500477
721,500850
722,501579
723,502140
724,503119
725,503258
726,503712
727,504235
728,504842
729,505602
730,505710
731,506518
732,506949
733,507672
734,508610
735,509020
736,509264
737,509905
738,510948
739,511482
740,511880
741,512588
742,513646
743,514168
744,514522
745,515314
746,516219
747,516868
748,517159
749,517614
750,518358
751,519157
752,519880
753,520278
754,521091
755,521919
756,522297
757,522777
758,523603
759,524461
760,524970
761,525415
762,526051
763,527101
764,527505
765,528050
766,528819
767,529270
768,529892
769,530794
770,531589
771,531950
772,532624
773,533462
774,533882
775,534335
776,535144
777,535592
778,536169
779,537080
780,537490
781,537775
782,538366
783,539197
784,540085
785,540658
786,541041
787,541227
788,542390
789,542918
790,543289
791,543949
792,544867
793,545401
794,545821
795,546337
796,547435
797,548227
798,549420
799,550407
800,550695
801,551260
802,552268
803,553664
804,554640
805,554642
806,554954
807,555791
808,556791
809,558217
810,558925
811,559620
812,560057
813,560818
814,561904
815,562722
816,563353
817,563774
818,564464
819,565136
820,565825
821,566234
822,566867
823,567775
824,568504
825,568756
826,569360
827,569697
828,570482
829,571286
830,571341
831,571674
832,572266
833,573208
834,573630
835,573943
836,574568
837,575596
838,575999
839,576788
840,577241
841,577607
842,578649
843,579444
844,579686
845,580461
846,581652
847,582306
848,582688
849,583312
850,584680
851,585487
852,585895
853,586233
854,586882
855,588277
856,588943
857,589282
858,589655
859,590552
860,591584
861,592186
862,592384
863,593143
864,594218
865,595031
866,595569
867,595815
868,596639
869,597560
870,598514
871,599345
872,599805
873,600579
874,601708
875,602647
876,602729
877,603207
878,604275
879,605293
880,606250
881,606704
882,607295
883,608379
884,609229
885,609525
886,610027
887,611076
888,612048
889,612090
890,612338
891,613466
892,614465
893,614507
894,614889
895,615683
896,616573
897,617103
898,617583
899,618257
900,619156
901,620030
902,620358
903,621091
904,621860
905,622425
906,622870
907,623743
908,624443
909,625182
910,625642
911,626094
912,626356
913,627153
914,628368
915,629307
916,629578
917,629979
918,630762
919,631090
920,632550
921,632815
922,633272
923,633831
924,634130
925,634872
926,635957
927,636154
928,636902
929,637821
930,638945
931,639533
932,639938
933,640883
934,641721
935,642327
936,642576
937,643375
938,644329
939,645132
940,645508
941,646382
942,647322
943,647620
944,647997
945,648652
946,649600
947,650009
948,650940
949,651763
950,652116
951,652401
952,653247
953,654488
954,655327
955,655502
956,656799
957,657056
958,657679
959,657978
960,658261
961,658274
962,659368
963,659522
964,659907
965,660983
966,662023
967,662076
968,662198
969,662897
970,663976
971,664043
972,664284
973,665014
974,666111
975,666651
976,667486
977,667712
978,667989
979,668687
980,669932
981,670420
982,670766
983,671489
984,672596
985,673099
986,673183
987,673588
988,674507
989,675371
990,675507
991,675990
992,677076
993,677850
994,678314
995,679470
996,680132
997,681221
998,682274
999,682731
1000,683236
1001,684264
1002,685512
1003,686064
1004,686300
1005,687126
1006,688614
1007,689537
1008,690682
1009,690891
1010,691091
1011,691822
1012,692780
1013,693869
1014,694665
1015,694819
1016,695783
1017,695940
1018,696164
1019,697056
1020,698004
1021,698972
1022,699816
1023,700064
1025,700811
1026,702026
1027,703123
1028,703909
1029,704213
1030,705189
1031,706071
1032,707359
1033,708069
1034,708313
1035,708982
1036,710001
1037,710906
1038,710908
1039,711124
1040,711926
1041,712910
1042,713401
1043,713745
1044,714156
1045,715025
1046,715337
1047,715833
1048,716483
1049,717410
1050,717961
1051,718231
1052,719098
1053,719873
1054,720739
1055,720849
1056,721213
1057,721914
1058,722750
1059,723364
1060,723603
1061,724227
1062,725257
1063,726158
1064,726160
1065,726441
1066,727147
1067,728045
1068,728713
1069,729281
1070,729677
1071,729908
1072,730684
1073,731628
1074,732574
1075,732905
1076,733100
1077,733836
1078,734714
1079,735599
1080,736053
1081,736455
1082,737365
1083,738368
1084,738870
1085,739188
1086,739934
1087,740828
1088,741648
1089,742749
1090,743310
1091,743519
1092,744224
1093,745249
1094,746399
1095,747040
1096,747276
1097,748036
1098,749669
1099,750449
1100,751325
1101,751584
1102,752796
1103,753504
1104,754337
1105,754350
1106,755210
1107,755608
1108,755992
1109,756851
1110,757529
1111,757719
1112,758145
1113,759068
1114,759833
1115,760574
1116,760861
1117,762002
1118,762829
1119,763296
1120,763949
1121,764186
1122,765026
1123,765994
1124,766770
1125,767006
1126,767178
1127,768078
1128,769094
1129,770059
1130,770297
1131,771024
1132,771892
1133,773011
1134,773199
1135,773930
1136,774920
1137,775438
1138,775664
1139,776429
1140,777549
1141,778246
1142,778452
1143,778907
1144,779658
1145,780597
1146,781297
1147,781400
1148,781871
1149,782524
1150,783394
1151,784035
1152,784142
1153,784515
1154,785139
1155,785954
1156,786761
1157,787134
1158,787341
1159,787870
1160,788763
1161,789473
1162,789804
1163,789987
1164,790590
1165,791402
1166,792060
1167,792329
1168,792526
1169,793489
1170,794389
1171,795243
1172,795883
1173,796578
1174,796626
1175,796803
1176,797851
1177,798981
1178,799952
1179,800132
1180,800813
1181,801889
1182,802955
1183,803741
1184,804488
1185,804657
1186,805277
1187,806255
1188,807474
1189,808172
1190,808341
1191,808995
1192,809896
1193,810716
1194,811080
1195,811606
1196,812543
1197,812844
1198,813216
1199,813910
1200,815110
1201,816210
1202,816472
1203,817123
1204,817787
1205,818784
1206,819657
1207,820715
1208,820982
1209,821619
1210,821967
1211,822936
1212,823584
1213,823702
1214,823993
1215,824366
1216,824852
1217,825392
1218,825392
1219,825938
1220,826259
1221,826830
1222,827429
1223,828037
1224,828812
1225,829131
1226,829462
1227,829809
1228,830342
1229,831056
1230,831631
1231,832083
1232,832427
1233,832788
1234,833361
1235,834239
1236,834796
1237,835285
1238,835570
1239,835877
1240,836504
1241,837355
1242,838100
1243,838551
1244,838689
1245,838971
1246,839762
1247,840659
1248,841277
1249,841898
1250,842081
1251,842281
1252,842973
1253,843509
1254,844565
1255,845263
1256,845715
1257,845993
1258,846622
1259,847775
1260,848259
1261,848539
1262,848825
1263,849446
1264,850291
1265,850706
1266,850842
1267,851062
1268,851775
1269,852818
1270,853731
1271,854190
1272,854906
1273,855064
1274,855065
1275,855339
1276,856123
1277,857420
1278,858375
1279,858934
1280,858983
1281,859220
1282,860008
1283,860789
1284,861882
1285,862269
1286,862787
1024,863040
1287,863959
1288,864772
1289,865635
1290,866914
1291,867352
1292,867962
1293,868751
1294,868970
1295,869735
1296,870474
1297,871444
1298,872217
1299,872614
1300,872821
1301,873377
1302,874004
1303,874828
1304,875631
1305,876077
1306,876430
1307,876618
1308,877031
1309,877495
1310,878354
1311,878945
1312,879272
1313,879537
1314,879953
1315,880809
1316,881567
1317,881771
1318,882524
1319,883054
1320,884101
1321,885020
1322,885800
1323,885977
1324,886804
1325,887447
1326,888545
1327,889207
1328,889564
1329,890051
1330,890337
1331,891049
1332,892210
1333,892682
1334,893183
1335,893358
1336,893912
1337,894677
1338,895675
1339,896315
1340,896844
1341,897075
1342,897194
1343,897894
1344,898811
1345,899624
1346,900074
1347,900188
1348,900371
1349,901050
1350,901905
1351,902657
1352,903236
1353,903409
1354,904001
1355,904714
1356,905741
1357,906450
1358,906978
1359,907827
1360,908230
1361,908655
1362,909318
1363,910633
1364,911702
1365,912076
1366,912502
1367,913118
1368,913748
1369,914607
1370,915220
1371,915413
1372,916122
1373,916685
1374,917599
1375,917785
1376,918488
1377,918497
1378,918667
1379,919612
1380,920665
1381,921516
1382,921785
1383,922730
1384,923055
1385,923235
1386,923969
1387,925241
1388,926169
1389,927018
1390,927447
1391,928303
1392,928807
1393,929083
1394,929361
1395,930221
1396,931620
1397,932630
1398,933189
1399,933777
1400,933947
1401,934674
1402,935517
1403,936753
1404,937276
1405,937868
1406,938022
1407,938630
1408,939440
1409,940545
1410,941296
1411,941921
1412,942262
1413,942918
1414,943824
1415,944616
1416,945210
1417,945854
1418,946046
1419,946514
1420,947119
1421,947547
1422,948331
1423,949062
1424,949751
1425,949963
1426,950270
1427,950942
1428,951431
1429,952097
1430,952870
1431,953453
1432,953735
1433,953905
1434,954406
1435,954927
1436,955887
1437,956199
1438,956850
1439,957407
1440,957737
1441,958430
1442,959412
1443,959892
1444,960246
1445,960468
1446,961019
1447,961673
1448,962607
1449,963348
1450,963904
1451,964276
1452,964500
1453,964976
1454,965470
1455,966465
1456,967230
1457,967776
1458,968638
1459,968646
1460,969044
1461,969622
1462,970052
1463,970806
1464,971006
1465,971617
1466,972732
1467,973535
1468,974177
1469,974979
1470,975180
1471,975755
1472,976117
1473,976857
1474,978076
1475,978893
1476,979635
1477,980161
1478,980371
1479,980937
1480,981364
1481,982114
1482,983295
1483,984071
1484,984890
1485,985468
1486,985852
1487,986079
1488,986436
1489,987150
1490,987947
1491,989083
1492,989922
1493,990461
1494,991040
1495,991243
1496,991858
1497,992746
1498,992750
1499,993592
1500,994825
1501,995276
1502,995487
1503,995817
1504,996632
1505,997143
1506,997610
1507,998210
1508,999031
1509,1000604
1510,1001212
1511,1001742
1512,1002157
1513,1002215
1514,1002440
1515,1003007
1516,1003754
1517,1004430
1518,1006041
1519,1007093
1520,1007798
1521,1008237
1522,1008684
1523,1008909
1524,1009151
1525,1009922
1526,1010649
1527,1011602
1528,1012677
1529,1013001
1530,1013222
1531,1013652
1532,1013893
1533,1013893
1534,1014525
1535,1015408
1536,1016039
1537,1016039
1538,1016232
1539,1016381
1540,1017006
1541,1017797
1542,1018425
1543,1018685
1544,1019234
1545,1019404
1546,1019943
1547,1020607
1548,1021421
1549,1021862
1550,1022273
1551,1022492
1552,1022916
1553,1023682
1554,1024421
1555,1025381
1556,1026374
1557,1026642
1558,1026812
1559,1027439
1560,1028364
1561,1029450
1562,1030119
1563,1030798
1564,1030995
1565,1031818
1566,1032815
1567,1033633
1568,1034170
1569,1034327
1570,1034417
1571,1034982
1572,1035715
1573,1035903
1574,1036410
1575,1037123
1576,1037466
1577,1037620
1578,1037722
1579,1037864
1580,1038618
1581,1039404
1582,1040444
1583,1041195
1584,1041332
1585,1041551
1586,1041664
1587,1042367
1588,1042918
1589,1043618
1590,1044549
1591,1045078
1592,1045451
1593,1046193
1594,1046525
1595,1046618
1596,1046729
1597,1047058
1598,1048055
1599,1048753
1600,1049533
1601,1050329
1602,1050928
1603,1051899
1604,1053052
1605,1053831
1606,1054587
1607,1054857
1608,1055759
1609,1056542
1610,1056706
1611,1057291
1612,1057928
1613,1058465
1614,1059144
1615,1059883
1616,1060411
1617,1060417
1618,1060629
1619,1061297
1620,1062041
1621,1062777
1622,1063636
1623,1064581
1624,1065312
1625,1065948
1626,1066716
1627,1066796
1628,1067251
1629,1067362
1630,1067540
1631,1068127
1632,1069044
1633,1069615
1634,1070558
1635,1071472
1636,1072614
1637,1073026
1638,1073626
1639,1073973
1640,1074403
1641,1075184
1642,1076211
1643,1076768
1644,1077367
1645,1078276
1646,1079509
1647,1080764
1648,1081873
1649,1082331
1650,1083249
1651,1083434
1652,1083773
1653,1083963
1654,1084901
1655,1085783
1656,1086456
1657,1087062
1658,1088334
1659,1089487
1660,1090502
1661,1091115
1662,1091731
1663,1091957
1664,1092502
1665,1093077
1666,1093995
1667,1094364
1668,1094664
1669,1095860
1670,1096535
1671,1097201
1672,1097507
1673,1097622
1674,1098054
1675,1098625
1676,1098981
1677,1099898
1678,1100640
1679,1100937
1680,1101193
1681,1101579
1682,1102182
1683,1102589
1684,1103375
1685,1104118
1686,1104570
1687,1104783
1688,1105013
1689,1105609
1690,1106307
1691,1107430
1692,1108314
1693,1108707
1694,1109169
1695,1109368
1696,1109773
1697,1110356
1698,1111352
1699,1112376
1700,1112931
1701,1113197
1702,1113548
1703,1113786
1704,1114358
1705,1115172
1706,1116009
1707,1116338
1708,1116676
1709,1116896
1710,1117427
1711,1117864
1712,1118736
1713,1119722
1714,1119973
1715,1120418
1716,1120914
1717,1121099
1718,1121676
1719,1122580
1720,1122987
1721,1123257
1722,1123523
1723,1123848
1724,1124433
1725,1125084
1726,1125465
1727,1125682
1728,1125964
1729,1126443
1730,1126857
1731,1127819
1732,1128301
1733,1128646
1734,1128933
1735,1129185
1736,1129919
1737,1130685
1738,1131669
1739,1132039
1740,1132513
1741,1132708
1742,1133552
1743,1134318
1744,1135368
1745,1135740
1746,1135930
1747,1136154
1748,1136622
1749,1136787
1750,1137264
1751,1137812
1752,1138555
1753,1139495
1754,1139926
1755,1140230
1756,1140387
1757,1140886
1758,1141631
1759,1142525
1760,1143080
1761,1143566
1762,1143745
1763,1144333
1764,1144976
1765,1145353
1766,1145658
1767,1145926
1768,1146406
1769,1146970
1770,1147500
1771,1148226
1772,1148516
1773,1148824
1774,1149036
1775,1149422
1776,1150003
1777,1150546
1778,1151333
1779,1151894
1780,1151930
1781,1152140
1782,1152635
1783,1153181
1784,1154111
1785,1154624
1786,1154896
1787,1155055
1788,1155686
1789,1156390
1790,1156947
1791,1157249
1792,1157977
1793,1158528
1794,1158982
1795,1159012
1796,1159349
1797,1160080
1798,1160573
1799,1161464
1800,1161834
1801,1162064
1802,1162328
1803,1162894
1804,1163343
1805,1164212
1806,1164719
1807,1165060
1808,1165318
1809,1165631
1810,1165902
1811,1166165
1812,1167066
1813,1167677
1814,1168412
1815,1169452
1816,1170114
1817,1170802
1818,1171019
1819,1171714
1820,1172012
1821,1172359
1822,1173071
1823,1173800
1824,1174416
1825,1175116
1826,1175918
1827,1176879
1828,1177250
1829,1177933
1830,1178029
1831,1178312
1832,1178843
1833,1179547
1834,1180204
1835,1180993
1836,1181890
1837,1182215
1838,1182931
1839,1183336
1840,1183424
1841,1183812
1842,1183970
1843,1184548
1844,1185257
1845,1186171
1846,1186509
1847,1187360
1848,1188481
1849,1189655
1850,1190647
1851,1191804
1852,1192200
1853,1192855
1854,1193270
1855,1193634
1856,1193828
1857,1194150
1858,1194304
1859,1194996
1860,1195972
1861,1196101
1862,1197107
1863,1197851
1864,1198417
1865,1198653
1866,1199515
1867,1199883
1868,1200874
1869,1201563
1870,1202862
1871,1204161
1872,1204630
1873,1205165
1874,1205246
1875,1205590
1876,1206222
1877,1206743
1878,1207610
1879,1207943
1880,1208054
1881,1208086
1882,1208225
1883,1208924
1884,1209696
1885,1210211
1886,1210661
1887,1210766
1888,1210982
1889,1211776
1890,1212434
1891,1213074
1892,1213518
1893,1213551
1894,1213735
1895,1213983
1896,1214741
1897,1215562
1898,1216027
1899,1216504
1900,1216700
1901,1216895
1902,1217103
1903,1217888
1904,1218618
1905,1219384
1906,1219953
1907,1220371
1908,1220507
1909,1220721
1910,1221296
1911,1221810
1912,1222275
1913,1222793
1914,1223403
1915,1223848
1916,1224001
1917,1224810
1918,1225595
1919,1226267
1920,1226774
1921,1227128
1922,1227750
1923,1228272
1924,1228454
1925,1229127
1926,1229909
1927,1230781
1928,1231761
1929,1232314
1930,1232525
1931,1233194
1932,1233731
1933,1234534
1934,1235612
1935,1236188
1936,1236409
1937,1236611
1938,1236772
1939,1237788
1940,1238365
1941,1239145
1942,1239734
1943,1240457
1944,1240863
1945,1241118
1946,1241331
1947,1242346
1948,1242932
1949,1243590
1950,1244408
1951,1244960
1952,1245347
1953,1245940
1954,1246249
1955,1246428
1956,1247030
1957,1247473
1958,1248060
1959,1248813
1960,1249316
1961,1249704
1962,1249835
1963,1250358
1964,1250864
1965,1251443
1966,1252045
1967,1252780
1968,1253313
1969,1253515
1970,1253686
1971,1253776
1972,1254431
1973,1255037
1974,1255680
1975,1256528
1976,1256994
1977,1257571
1978,1257804
1979,1258393
1980,1259198
1981,1259938
1982,1260735
1983,1261364
1984,1261710
1985,1262570
1986,1263311
1987,1264248
1988,1264748
1989,1264888
1990,1265212
1991,1266027
1992,1266745
1993,1267883
1994,1268331
1995,1268619
1996,1269193
1997,1269917
1998,1270109
1999,1270768
2000,1271549
2001,1272353
2002,1272758
2003,1272872
2004,1273203
2005,1273649
2006,1274353
2007,1275078
2008,1275465
2009,1275613
2010,1275959
2011,1276480
2012,1277280
2013,1277932
2014,1278537
2015,1278567
2016,1278688
2017,1278967
2018,1279690
2019,1280423
2020,1281023
2021,1281757
2022,1282128
2023,1282285
2024,1282836
2025,1283393
2026,1284059
2027,1284668
2028,1285201
2029,1285385
2030,1286083
2031,1286657
2032,1287417
2033,1287908
2034,1287995
2035,1288167
2036,1288894
2037,1289611
2038,1290378
2039,1290853
2040,1290906
2041,1291519
2042,1292144
2043,1292314
2044,1292759
2045,1293305
2046,1293938
2047,1294932
2048,1295321
2049,1295581
2050,1296206
2051,1296813
2052,1297607
2053,1298480
2054,1299013
2055,1299203
2056,1299711
2057,1300272
2058,1301087
2059,1301819
2060,1302328
2061,1302377
2062,1302524
2063,1302921
2064,1303507
2065,1304191
2066,1305028
2067,1305427
2068,1305437
2069,1305626
2070,1306175
2071,1306687
2072,1307725
2073,1308212
2074,1308554
2075,1308822
2076,1309579
2077,1310390
2078,1310680
2079,1311168
2080,1311562
2081,1312006
2082,1312680
2083,1312988
2084,1313461
2085,1314070
2086,1314697
2087,1315177
2088,1315178
2089,1315495
2090,1316078
2091,1316311
2092,1316877
2093,1317825
2094,1318173
2095,1318623
2096,1318887
2097,1319359
2098,1319804
2099,1320319
2100,1321068
2101,1321332
2102,1321903
2103,1322030
2104,1322460
2105,1322954
2106,1323558
2107,1323976
2108,1324388
2109,1324533
2110,1324895
2111,1325428
2112,1325835
2113,1326514
2114,1326538
2115,1326829
2116,1327316
2117,1328094
2118,1328721
2119,1329117
2120,1330004
2121,1330356
2122,1330574
2123,1331024
2124,1331482
2125,1331958
2126,1332332
2127,1333275
2128,1333277
2129,1333400
2130,1333449
2131,1334031
2132,1334632
2133,1335126
2134,1335784
2135,1335927
2136,1335992
2137,1336030
2138,1336848
2139,1337488
2140,1338002
2141,1338750
2142,1339171
2143,1339369
2144,1339761
2145,1340418
2146,1341006
2147,1341360
2148,1342066
2149,1342352
2150,1342755
2151,1343438
2152,1344045
2153,1344695
2154,1344872
2155,1345284
2156,1345841
2157,1346293
2158,1346922
2159,1347037
2160,1347926
2161,1348518
2162,1348808
2163,1349780
2164,1350039
2165,1350271
2166,1350580
2167,1351258
2168,1351828
2169,1352372
2170,1353019
2171,1353597
2172,1354108
2173,1354282
2174,1354516
2175,1355293
2176,1355831
2177,1356597
2178,1357453
2179,1357857
2180,1358670
2181,1359428
2182,1359825
2183,1360146
2184,1360645
2185,1361497
2186,1362148
2187,1362783
2188,1364005
2189,1364400
2190,1364600
2191,1365369
2192,1366236
2193,1367326
2194,1367481
2195,1367813
2196,1368672
2197,1369372
2198,1369516
2199,1369761
2200,1370312
2201,1370978
2202,1371479
2203,1371844
2204,1371964
2205,1372520
2206,1373280
2207,1373892
2208,1374342
2209,1374535
2210,1375286
2211,1376174
2212,1376783
2213,1377046
2214,1377794
2215,1378734
2216,1378887
2217,1379111
2218,1379425
2219,1380438
2220,1381006
2221,1381734
2222,1382364
2223,1383216
2224,1384104
2225,1384980
2226,1385176
2227,1385587
2228,1386420
2229,1386999
2230,1387071
2231,1387593
2232,1388039
2233,1388656
2234,1389213
2235,1389272
2236,1389772
2237,1390472
2238,1391254
2239,1391342
2240,1391630
2241,1392242
2242,1392920
2243,1393619
2244,1393823
2245,1394038
2246,1394728
2247,1395620
2248,1395885
2249,1396099
2250,1396908
2251,1397838
2252,1398052
2253,1398217
2254,1398720
2255,1399464
2256,1400148
2257,1400584
2258,1401204
2259,1402193
2260,1402231
2261,1402479
2262,1402792
2263,1403490
2264,1404480
2265,1404486
2266,1404689
2267,1405187
2268,1405804
2269,1406937
2270,1407065
2271,1407272
2272,1407869
2273,1408298
2274,1409258
2275,1409653
2276,1409815
2277,1410250
2278,1410808
2279,1411744
2280,1412489
2281,1412505
2282,1412719
2283,1413261
2284,1414322
2285,1414750
2286,1415040
2287,1415584
2288,1416251
2289,1417323
2290,1417382
2291,1417681
2292,1418391
2293,1419079
2294,1419943
2295,1420336
2296,1420975
2297,1421734
2298,1422361
2299,1423168
2300,1423482
2301,1424215
2302,1425248
2303,1425397
2304,1425649
2305,1426268
2306,1427103
2307,1427515
2308,1427672
2309,1428257
2310,1428813
2311,1429479
2312,1429698
2313,1430270
2314,1431176
2315,1431791
2316,1432081
2317,1432633
2318,1433433
2319,1433623
2320,1433994
2321,1434662
2322,1435409
2323,1435847
2324,1436287
2325,1437072
2326,1437328
2327,1437579
2328,1438234
2329,1439138
2330,1439473
2331,1439748
2332,1440316
2333,1440868
2334,1441588
2335,1441664
2336,1441904
2337,1442459
2338,1443257
2339,1444209
2340,1444864
2341,1444895
2342,1445289
2343,1446102
2344,1447159
2345,1447577
2346,1447992
2347,1448587
2348,1449167
2349,1449403
2350,1449729
2351,1450295
2352,1451019
2353,1451493
2354,1452580
2355,1453436
2356,1454704
2357,1455122
2358,1455371
2359,1455653
2360,1456314
2361,1457136
2362,1457731
2363,1458661
2364,1459617
2365,1460811
2366,1461149
2367,1461310
2368,1461674
2369,1462403
2370,1463335
2371,1464527
2372,1464714
2373,1464894
2374,1465095
2375,1465851
2376,1466779
2377,1467899
2378,1468785
2379,1469077
2380,1469687
2381,1470478
2382,1471255
2383,1471770
2384,1471881
2385,1472357
2386,1472924
2387,1473989
2388,1474294
2389,1474430
2390,1474952
2391,1476082
2392,1476548
2393,1476746
2394,1477437
2395,1478197
2396,1478583
2397,1478746
2398,1479307
2399,1479982
2400,1480733
2401,1481380
2402,1481530
2403,1482123
2404,1482949
2405,1483722
2406,1483911
2407,1484080
2408,1484418
2409,1485136
2410,1486070
2411,1486710
2412,1487720
2413,1488622
2414,1489542
2415,1489711
2416,1490007
2417,1490753
2418,1491575
2419,1492180
2420,1493255
2421,1494164
2422,1494896
2423,1495296
2424,1495460
2425,1496098
2426,1496658
2427,1497436
2428,1498209
2429,1498529
2430,1498719
2431,1499398
2432,1500206
2433,1500894
2434,1501054
2435,1501633
2436,1502586
2437,1502733
2438,1502873
2439,1503507
2440,1504043
2441,1505012
2442,1505434
2443,1505552
2444,1506190
2445,1506797
2446,1507860
2447,1508121
2448,1508272
2449,1508933
2450,1509769
2451,1510282
2452,1510541
2453,1511015
2454,1511571
2455,1512446
2456,1513199
2457,1513361
2458,1513564
2459,1514261
2460,1514820
2461,1515542
2462,1516495
2463,1517002
2464,1517136
2465,1518101
2466,1518869
2467,1519713
2468,1520028
2469,1520342
2470,1521107
2471,1521829
2472,1522553
2473,1522664
2474,1522925
2475,1523631
2476,1524087
2477,1524816
2478,1525705
2479,1526039
2480,1526639
2481,1527406
2482,1528349
2483,1528388
2484,1528830
2485,1529567
2486,1530197
2487,1530431
2488,1530686
2489,1531747
2490,1532687
2491,1533451
2492,1534580
2493,1535523
2494,1535563
2495,1535759
2496,1536029
2497,1536795
2498,1537675
2499,1538725
2500,1539608
2501,1540518
2502,1541389
2503,1541548
2504,1542388
2505,1543143
2506,1544100
2507,1545003
2508,1545467
2509,1545571
2510,1546395
2511,1547085
2512,1548134
2513,1548815
2514,1548990
2515,1549553
2516,1550481
2517,1551124
2518,1551244
2519,1551743
2520,1552480
2521,1553186
2522,1553670
2523,1553855
2524,1554251
2525,1554811
2526,1555540
2527,1556406
2528,1556846
2529,1557887
2530,1558129
2531,1558581
2532,1559456
2533,1560363
2534,1561085
2535,1561315
2536,1562046
2537,1562863
2538,1563719
2539,1564033
2540,1564211
2541,1564902
2542,1565700
2543,1566188
2544,1566344
2545,1567102
2546,1567933
2547,1568096
2548,1568393
2549,1569038
2550,1569701
2551,1570425
2552,1570544
2553,1570882
2554,1571703
2555,1572437
2556,1573322
2557,1574015
2558,1574153
2559,1574815
2560,1575421
2561,1576244
2562,1576953
2563,1577068
2564,1577591
2565,1578248
2566,1578628
2567,1578747
2568,1579665
2569,1580346
2570,1580533
2571,1580649
2572,1581183
2573,1582214
2574,1582378
2575,1582489
2576,1583039
2577,1583736
2578,1584334
2579,1584510
2580,1585365
2581,1586209
2582,1587119
2583,1587458
2584,1587652
2585,1588624
2586,1589281
2587,1590097
2588,1590695
2589,1590841
2590,1590972
2591,1591647
2592,1592085
2593,1593154
2594,1593245
2595,1593649
2596,1593814
2597,1594221
2598,1594827
2599,1595654
2600,1595862
2601,1595996
2602,1596444
2603,1596870
2604,1597765
2605,1598214
2606,1598374
2607,1598796
2608,1599301
2609,1600066
2610,1600452
2611,1600662
2612,1601300
2613,1602087
2614,1602751
2615,1602876
2616,1603565
2617,1604244
2618,1604988
2619,1605522
2620,1605676
2621,1606535
2622,1607592
2623,1608166
2624,1608283
2625,1608694
2626,1609269
2627,1610165
2628,1610966
2629,1611636
2630,1611819
2631,1611946
2632,1612387
2633,1613015
2634,1613697
2635,1614487
2636,1614949
2637,1615752
2638,1615962
2639,1616654
2640,1617379
2641,1618251
2642,1618409
2643,1619078
2644,1619590
2645,1620428
2646,1621503
2647,1621992
2648,1622136
2649,1622290
2650,1622987
2651,1623596
2652,1624732
2653,1625193
2654,1625452
2655,1626330
2656,1626737
2657,1626872
2658,1627493
2659,1628319
2660,1628607
2661,1628709
2662,1629213
2663,1629795
2664,1630769
2665,1631187
2666,1631341
2667,1631996
2668,1632748
2669,1633603
2670,1633644
2671,1633785
2672,1634287
2673,1634808
2674,1635524
2675,1636255
2676,1636311
2677,1636486
2678,1636979
2679,1637582
2680,1638179
2681,1638842
2682,1638956
2683,1639319
2684,1639970
2685,1640671
2686,1641476
2687,1641592
2688,1642069
2689,1642643
2690,1643415
2691,1644179
2692,1644420
2693,1645101
2694,1645906
2695,1646259
2696,1646897
2697,1647657
2698,1647819
2699,1648259
2700,1648949
2701,1649905
2702,1649947
2703,1650084
2704,1650405
2705,1651139
2706,1651747
2707,1652551
2708,1653437
2709,1654464
2710,1654699
2711,1654881
2712,1655340
2713,1655956
2714,1656786
2715,1657442
2716,1658445
2717,1658962
2718,1659180
2719,1659702
2720,1660329
2721,1661227
2722,1661239
2723,1661437
2724,1661900
2725,1662624
2726,1663556
2727,1664071
2728,1664246
2729,1664853
2730,1665801
2731,1665864
2732,1666049
2733,1666757
2734,1667481
2735,1667834
2736,1668458
2737,1669096
2738,1669520
2739,1670179
2740,1670447
2741,1671222
2742,1671691
2743,1672345
2744,1672454
2745,1673753
2746,1674369
2747,1674809
2748,1679771
2749,1685702
2750,1689238
2751,1695192
2752,1697309
2753,1698276
2754,1699580
2755,1701157
2756,1702797
2757,1705201
2758,1707240
2759,1709395
2760,1711439
2761,1712401
2762,1713697
2763,1714886
2764,1715700
2765,1716647
2766,1717749
2767,1718593
2768,1719286
2769,1720082
2770,1720858
2771,1721632
2772,1722246
2773,1722904
2774,1723733
2775,1724687
2776,1725624
2777,1726889
2778,1727955
2779,1728564
2780,1729158
2781,1729805
2782,1730398
2783,1731254
2784,1732137
2785,1732973
2786,1734001
2787,1735036
2788,1736030
2789,1736991
2790,1737955
2791,1738873
2792,1739766
2793,1740796
2794,1741952
2795,1743042
2796,1743838
2797,1744255
2798,1744997
2799,1745946
2800,1747012
2801,1747907
2802,1749174
2803,1750124
2804,1751101
2805,1752264
2806,1753668
2807,1754994
2808,1757873
2809,1759159
2810,1760117
2811,1760859
2812,1763404
2813,1764133
2814,1764783
2815,1765480
2816,1766115
2817,1766651
2818,1767182
2819,1767900
2820,1768802
2821,1769720
2822,1770432
2823,1771064
2824,1771962
2825,1772675
2826,1773121
2827,1773824
2828,1775407
2829,1775407
2830,1776163
2831,1776721
2832,1777251
2833,1777852
2834,1778315
2835,1778700
2836,1779219
2837,1779887
2838,1780485
2839,1781048
2840,1781727
2841,1782364
2842,1782955
2843,1784204
2844,1785502
2845,1786237
2846,1786887
2847,1787434
2848,1787953
2849,1788674
2850,1789507
2851,1790277
2852,1791003
2853,1791812
2854,1792602
2855,1793354
2856,1793890
2857,1794430
2858,1795017
2859,1795577
2860,1796192
2861,1796717
2862,1797227
2863,1797754
2864,1798434
2865,1798935
2866,1799483
2867,1800128
2868,1800699
2869,1801291
2870,1801810
2871,1802338
2872,1803002
2873,1803702
2874,1804641
2875,1805423
2876,1805899
2877,1806462
2878,1807008
2879,1807068
2880,1807088
2881,1807090
2882,1807099
2883,1807626
2884,1808069
2885,1808512
2886,1808877
2887,1809272
2888,1809675
2889,1810357
2890,1811081
2891,1811680
2892,1812346
2893,1813162
2894,1813936
2895,1814460
2896,1816990
2897,1823028
2898,1831284
2899,1839105
2900,1846642
2901,1847537
2902,1849063
2903,1849808
2904,1851329
2905,1852764
2906,1853111
2907,1853894
2908,1855240
2909,1856336
2910,1857055
2911,1857697
2912,1858244
2913,1858722
2914,1859220
2915,1859832
2916,1860387
2917,1861047
2918,1861603
2919,1862045
2920,1862481
2921,1862825
2922,1863390
2923,1864087
2924,1864582
2925,1865057
2926,1865524
2927,1865923
2928,1866379
2929,1866943
2930,1867481
2931,1867936
2932,1868706
2933,1869138
2934,1869539
2935,1869985
2936,1870335
2937,1870674
2938,1871066
2939,1871471
2940,1872004
2941,1873051
2942,1873806
2943,1874353
2944,1875046
2945,1875815
2946,1876389
2947,1876890
2948,1877407
2949,1877903
2950,1878320
2951,1878828
2952,1879450
2953,1880004
2954,1880654
2955,1881333
2956,1881690
2957,1881981
2958,1882314
2959,1882765
2960,1883174
2961,1883506
2962,1883877
2963,1884285
2964,1884687
2965,1885122
2966,1885521
2967,1885995
2968,1886467
2969,1886829
2970,1887416
2971,1887779
2972,1888048
2973,1888506
2974,1888990
2975,1889400
2976,1889758
2977,1890016
2978,1890194
2979,1890336
2980,1890497
2981,1890704
2982,1890855
2983,1890986
2984,1891666
2985,1892024
